,Date,Open,High,Low,Close,Volume
0,2015-04-29,16.543,18.577,16.543,17.784,11712094
1,2015-04-30,17.692,18.254,17.493,17.527,1228748
2,2015-05-01,17.666,17.865,16.543,17.701,733161
3,2015-05-04,17.833,18.063,17.419,17.584,142786
4,2015-05-05,17.609,17.833,17.575,17.659,94668
5,2015-05-06,17.659,17.659,17.419,17.502,125209
6,2015-05-07,17.493,17.784,17.295,17.527,93422
7,2015-05-08,17.641,18.148,17.641,17.99,252207
8,2015-05-11,17.99,17.99,17.791,17.908,192962
9,2015-05-12,17.791,17.997,17.452,17.518,148420
10,2015-05-13,17.858,17.858,17.369,17.395,169022
11,2015-05-14,17.41,17.575,17.046,17.244,101681
12,2015-05-15,17.112,17.427,17.112,17.376,87369
13,2015-05-18,17.369,18.412,16.807,16.822,89965
14,2015-05-19,16.955,17.08,16.822,17.013,26115
15,2015-05-20,16.948,17.22,16.55,16.624,53922
16,2015-05-21,16.624,17.096,16.624,17.096,49811
17,2015-05-22,17.03,17.452,16.989,17.452,126466
18,2015-05-26,17.452,17.775,17.327,17.336,249147
19,2015-05-27,17.376,17.51,17.244,17.278,49691
20,2015-05-28,17.286,17.304,16.593,16.812,192370
21,2015-05-29,16.807,17.195,16.749,16.842,93096
22,2015-06-01,16.773,17.139,16.749,16.913,99262
23,2015-06-02,17.046,17.112,16.558,16.624,428405
24,2015-06-03,16.624,16.832,16.6,16.749,170836
25,2015-06-04,16.584,16.781,14.912,15.929,789020
26,2015-06-05,15.847,16.517,15.847,16.393,192599
27,2015-06-08,16.508,16.567,16.154,16.458,89712
28,2015-06-09,16.534,16.708,16.344,16.377,86744
29,2015-06-10,16.543,16.657,16.408,16.493,34588
30,2015-06-11,16.543,16.543,15.714,15.765,177986
31,2015-06-12,15.747,15.923,15.515,15.739,112682
32,2015-06-15,15.714,15.889,15.633,15.847,105428
33,2015-06-16,15.723,15.896,15.484,15.633,92371
34,2015-06-17,15.707,16.4,15.575,15.896,134445
35,2015-06-18,15.896,16.309,15.657,16.17,63353
36,2015-06-19,16.17,16.203,15.714,16.179,64078
37,2015-06-22,16.294,16.294,15.599,15.633,59846
38,2015-06-23,15.739,15.781,15.037,15.259,99365
39,2015-06-24,15.276,15.633,15.276,15.501,52834
40,2015-06-25,15.493,15.515,14.904,14.92,128642
41,2015-06-26,14.912,15.218,14.748,15.003,71213
42,2015-06-29,15.095,15.095,14.649,14.92,51020
43,2015-06-30,14.748,15.144,14.663,14.961,64969
44,2015-07-01,14.953,15.218,14.862,15.095,40020
45,2015-07-02,14.88,15.317,14.88,15.317,17653
46,2015-07-06,15.136,15.285,14.93,15.11,23818
47,2015-07-07,15.218,15.218,14.971,15.095,42681
48,2015-07-08,15.012,15.046,13.888,13.995,133236
49,2015-07-09,14.351,14.425,13.995,14.004,110747
50,2015-07-10,14.145,14.209,13.729,13.763,102889
51,2015-07-13,13.77,14.401,13.688,13.837,49451
52,2015-07-14,13.869,14.219,13.869,14.027,83775
53,2015-07-15,14.068,14.351,13.896,14.004,32475
54,2015-07-16,14.045,14.086,13.812,13.969,77499
55,2015-07-17,13.847,14.119,13.797,13.797,202755
56,2015-07-20,13.837,13.854,13.671,13.688,69399
57,2015-07-21,13.564,13.721,13.343,13.35,122114
58,2015-07-22,13.383,13.441,12.87,13.216,95152
59,2015-07-23,13.166,13.308,12.861,13.225,40985
60,2015-07-24,13.101,13.166,12.903,12.968,28894
61,2015-07-27,13.116,13.201,12.82,12.845,20674
62,2015-07-28,12.885,13.027,12.414,12.58,71213
63,2015-07-29,12.463,12.598,12.201,12.365,354733
64,2015-07-30,12.407,12.629,12.315,12.358,57673
65,2015-07-31,12.358,13.11,12.358,12.779,128037
66,2015-08-03,12.738,14.045,12.738,13.472,100313
67,2015-08-04,13.235,13.424,13.076,13.126,166123
68,2015-08-05,13.308,13.556,13.036,13.085,65650
69,2015-08-06,13.235,13.334,12.787,12.82,150577
70,2015-08-07,13.027,13.283,12.54,12.54,137951
71,2015-08-10,12.712,13.027,12.48,12.58,345786
72,2015-08-11,12.572,12.728,11.995,12.3,230811
73,2015-08-12,12.26,12.832,12.216,12.555,192638
74,2015-08-13,12.714,12.815,12.546,12.588,129099
75,2015-08-14,12.73,12.832,12.571,12.721,71973
76,2015-08-17,12.773,12.865,12.629,12.688,36104
77,2015-08-18,12.688,12.73,12.243,12.294,80879
78,2015-08-19,12.184,12.285,11.956,12.074,68052
79,2015-08-20,12.074,12.116,11.923,11.923,71259
80,2015-08-21,11.931,11.94,11.712,11.822,40025
81,2015-08-24,11.282,11.61,10.744,11.358,228791
82,2015-08-25,11.551,11.551,10.853,10.988,24703
83,2015-08-26,10.954,10.954,10.112,10.374,282899
84,2015-08-27,10.6,11.449,10.382,10.516,397390
85,2015-08-28,10.625,10.879,10.314,10.534,273754
86,2015-08-31,10.525,11.232,10.525,10.988,120547
87,2015-09-01,10.735,11.03,10.735,10.913,39192
88,2015-09-02,11.282,11.282,10.787,10.861,64845
89,2015-09-03,10.753,10.997,10.659,10.761,83137
90,2015-09-04,10.761,10.861,10.61,10.677,36818
91,2015-09-08,10.769,11.055,10.735,10.812,174942
92,2015-09-09,10.946,11.039,10.273,10.592,126484
93,2015-09-10,10.55,10.567,10.188,10.499,94781
94,2015-09-11,10.525,10.643,10.314,10.466,56772
95,2015-09-14,10.659,10.997,10.525,10.525,175771
96,2015-09-15,10.559,10.693,10.441,10.508,342282
97,2015-09-16,10.584,10.677,10.483,10.525,300002
98,2015-09-17,10.542,10.6,10.347,10.407,125299
99,2015-09-18,10.441,10.693,10.441,10.508,132067
100,2015-09-21,10.525,10.61,10.382,10.499,106533
101,2015-09-22,10.398,10.499,10.164,10.449,216985
102,2015-09-23,10.483,10.508,10.298,10.449,142993
103,2015-09-24,10.474,10.592,10.305,10.542,110114
104,2015-09-25,10.534,10.592,10.39,10.457,206415
105,2015-09-28,10.483,10.492,10.239,10.29,143836
106,2015-09-29,10.281,10.281,10.045,10.07,173755
107,2015-09-30,10.13,10.61,9.978,10.525,196556
108,2015-10-01,10.424,10.701,10.214,10.441,261878
109,2015-10-02,10.29,10.474,10.29,10.424,71379
110,2015-10-05,10.55,11.131,10.55,10.913,227720
111,2015-10-06,10.913,11.449,10.794,11.417,359148
112,2015-10-07,11.577,12.327,11.577,12.124,112232
113,2015-10-08,12.116,12.251,11.905,12.065,79098
114,2015-10-09,12.174,12.411,11.618,11.855,147982
115,2015-10-12,12.074,12.302,11.544,11.61,32594
116,2015-10-13,11.551,11.871,11.274,11.652,101189
117,2015-10-14,11.688,12.083,11.449,11.914,81831
118,2015-10-15,11.964,12.538,11.746,12.437,123992
119,2015-10-16,12.648,12.89,12.403,12.84,68052
120,2015-10-19,12.951,12.951,12.403,12.688,26960
121,2015-10-20,12.75,12.75,12.427,12.496,10841
122,2015-10-21,12.478,12.688,12.108,12.622,77197
123,2015-10-22,12.622,12.648,12.184,12.251,9977
124,2015-10-23,12.461,12.916,12.353,12.445,55108
125,2015-10-26,12.344,12.672,12.302,12.376,33136
126,2015-10-27,12.353,12.403,11.972,12.208,179216
127,2015-10-28,12.376,12.376,11.931,12.151,193230
128,2015-10-29,12.276,12.478,11.881,12.005,97625
129,2015-10-30,12.005,12.923,11.661,12.882,104751
130,2015-11-02,12.865,13.346,12.721,12.875,83494
131,2015-11-03,12.857,13.353,12.546,13.218,54276
132,2015-11-04,13.287,13.362,12.763,13.076,34035
133,2015-11-05,13.362,13.362,13.051,13.195,73992
134,2015-11-06,13.296,13.311,13.117,13.311,37412
135,2015-11-09,13.641,14.305,13.623,14.062,348944
136,2015-11-10,14.188,14.449,13.471,13.657,173399
137,2015-11-11,13.853,14.188,13.591,14.062,169241
138,2015-11-12,14.154,14.685,13.909,14.405,132423
139,2015-11-13,14.692,14.692,13.888,14.054,136772
140,2015-11-16,14.001,14.044,13.619,13.827,151351
141,2015-11-17,13.914,14.001,13.558,13.991,72783
142,2015-11-18,14.001,14.191,13.846,13.897,63527
143,2015-11-19,13.803,14.26,13.803,14.121,99743
144,2015-11-20,14.025,14.363,13.647,13.803,28466
145,2015-11-23,13.681,13.742,13.213,13.302,71742
146,2015-11-24,13.412,13.655,12.981,13.05,29139
147,2015-11-25,13.118,13.412,12.625,13.345,44433
148,2015-11-27,13.439,13.439,13.179,13.249,6017
149,2015-11-30,13.387,13.491,12.956,13.232,74288
150,2015-12-01,13.179,13.974,13.179,13.302,76324
151,2015-12-02,13.265,13.515,12.541,12.652,75942
152,2015-12-03,12.669,13.293,12.152,12.868,76591
153,2015-12-04,12.903,13.699,12.133,13.619,117448
154,2015-12-07,13.655,14.044,11.581,13.956,237903
155,2015-12-08,13.647,13.715,12.705,13.567,107826
156,2015-12-09,13.629,13.879,12.669,12.878,67692
157,2015-12-10,12.834,13.273,12.749,13.24,25919
158,2015-12-11,12.981,13.197,12.661,12.825,138507
159,2015-12-14,12.878,13.827,12.359,12.513,188249
160,2015-12-15,12.565,13.136,12.437,12.479,184560
161,2015-12-16,12.541,12.971,12.359,12.427,179006
162,2015-12-17,12.531,12.617,12.108,12.271,120687
163,2015-12-18,12.116,12.635,12.116,12.219,73941
164,2015-12-21,12.359,12.417,12.271,12.332,107380
165,2015-12-22,12.341,13.793,12.048,13.524,711592
166,2015-12-23,13.43,14.665,13.118,14.579,116637
167,2015-12-24,14.692,14.848,14.605,14.77,24052
168,2015-12-28,14.779,14.931,14.45,14.579,56826
169,2015-12-29,14.562,14.745,14.164,14.597,40710
170,2015-12-30,14.476,14.848,14.476,14.822,32790
171,2015-12-31,14.708,15.703,14.708,15.686,47810
172,2016-01-04,15.512,15.815,15.124,15.289,45012
173,2016-01-05,15.651,15.815,15.124,15.218,78283
174,2016-01-06,15.209,15.504,15.141,15.333,31812
175,2016-01-07,15.002,15.323,15.002,15.184,43206
176,2016-01-08,15.218,15.642,14.519,14.701,100785
177,2016-01-11,14.822,15.246,13.611,13.707,395202
178,2016-01-12,13.742,14.207,13.742,13.785,90303
179,2016-01-13,13.949,14.656,13.404,14.025,184137
180,2016-01-14,13.94,14.458,13.586,13.586,231621
181,2016-01-15,13.396,13.567,13.059,13.352,125250
182,2016-01-19,13.36,14.034,12.962,13.11,85856
183,2016-01-20,12.834,12.834,11.865,12.176,319972
184,2016-01-21,12.332,13.093,11.978,12.72,132270
185,2016-01-22,13.647,14.425,13.075,14.096,107215
186,2016-01-25,14.458,15.436,14.458,14.986,567826
187,2016-01-26,15.124,15.218,14.822,15.062,122615
188,2016-01-27,15.124,15.158,14.995,15.02,137390
189,2016-01-28,15.166,15.375,15.124,15.323,186676
190,2016-01-29,15.469,16.41,15.383,16.368,186930
191,2016-02-01,16.542,16.638,15.703,15.945,161154
192,2016-02-02,15.773,15.98,15.436,15.841,176449
193,2016-02-03,16.013,16.187,15.453,15.72,133375
194,2016-02-04,15.867,16.68,15.797,16.638,171511
195,2016-02-05,16.713,16.713,16.033,16.307,87006
196,2016-02-08,15.729,16.135,15.729,15.936,105792
197,2016-02-09,15.877,15.919,15.409,15.521,119492
198,2016-02-10,15.695,15.773,15.417,15.531,48098
199,2016-02-11,15.426,15.833,15.209,15.833,198475
200,2016-02-12,15.833,16.035,15.602,15.886,89383
201,2016-02-16,15.912,16.213,15.789,16.046,92865
202,2016-02-17,16.072,16.621,15.894,16.33,163991
203,2016-02-18,16.728,16.728,16.258,16.471,173689
204,2016-02-19,16.685,16.685,15.966,16.222,88515
205,2016-02-22,16.399,16.737,16.399,16.577,177770
206,2016-02-23,16.515,16.685,16.339,16.445,145448
207,2016-02-24,16.355,16.656,16.046,16.496,95748
208,2016-02-25,16.533,17.101,16.399,16.888,164567
209,2016-02-26,17.073,17.087,16.445,16.543,78549
210,2016-02-29,16.611,17.614,16.543,17.19,203122
211,2016-03-01,17.481,17.64,17.101,17.41,258414
212,2016-03-02,17.41,17.614,17.33,17.588,116094
213,2016-03-03,17.64,18.608,17.517,18.598,313222
214,2016-03-04,18.608,18.968,17.553,18.058,266035
215,2016-03-07,17.978,18.846,17.854,18.74,152940
216,2016-03-08,18.527,18.527,16.701,17.508,191082
217,2016-03-09,17.438,18.775,16.95,17.473,222145
218,2016-03-10,17.73,18.829,17.614,18.696,141885
219,2016-03-11,18.696,20.033,18.687,19.459,223862
220,2016-03-14,19.459,19.459,17.393,17.757,393773
221,2016-03-15,17.234,18.244,16.543,18.172,278526
222,2016-03-16,18.27,18.731,17.757,18.625,179456
223,2016-03-17,18.775,19.051,18.692,19.007,69304
224,2016-03-18,19.139,19.182,18.394,19.175,341337
225,2016-03-21,19.007,19.379,18.662,19.379,112971
226,2016-03-22,19.37,19.469,18.944,19.024,134631
227,2016-03-23,18.881,19.191,18.669,18.91,69608
228,2016-03-24,18.314,19.104,17.313,19.051,210778
229,2016-03-28,19.182,19.439,18.802,19.405,73765
230,2016-03-29,19.316,19.627,18.963,19.449,111721
231,2016-03-30,19.546,19.574,19.28,19.395,78747
232,2016-03-31,19.414,19.546,19.21,19.255,37583
233,2016-04-01,19.211,19.211,18.394,18.562,128417
234,2016-04-04,18.625,18.881,18.172,18.581,174647
235,2016-04-05,18.589,19.166,18.297,18.652,79037
236,2016-04-06,18.686,19.051,18.546,18.837,17291
237,2016-04-07,18.793,19.235,18.721,19.024,42449
238,2016-04-08,19.235,19.326,18.527,18.536,39205
239,2016-04-11,18.632,18.934,18.394,18.837,45283
240,2016-04-12,18.89,18.987,18.471,18.846,69573
241,2016-04-13,18.837,19.235,18.696,18.881,32239
242,2016-04-14,18.846,18.922,18.582,18.686,25990
243,2016-04-15,18.616,18.82,18.395,18.616,50165
244,2016-04-18,18.642,18.893,18.438,18.721,137169
245,2016-04-19,18.721,18.865,18.616,18.846,58288
246,2016-04-20,18.837,18.856,18.571,18.616,103372
247,2016-04-21,18.536,18.78,18.448,18.581,55727
248,2016-04-22,18.616,18.82,18.571,18.616,99931
249,2016-04-25,18.75,18.75,18.527,18.652,70249
250,2016-04-26,18.812,19.28,18.632,18.74,142435
251,2016-04-27,18.775,20.3,18.625,20.097,96107
252,2016-04-28,20.061,20.567,19.989,20.567,109117
253,2016-04-29,20.46,20.477,19.6,20.132,74951
254,2016-05-02,20.238,20.379,19.769,20.159,68540
255,2016-05-03,20.053,20.053,18.971,19.255,133781
256,2016-05-04,19.22,20.238,18.926,20.008,115014
257,2016-05-05,20.291,20.428,19.166,19.556,137141
258,2016-05-06,19.556,19.883,19.264,19.582,73273
259,2016-05-09,19.663,20.155,19.503,19.804,107681
260,2016-05-10,19.858,20.433,19.804,20.388,149322
261,2016-05-11,20.504,20.913,20.043,20.238,89343
262,2016-05-12,20.402,20.406,19.323,19.594,89239
263,2016-05-13,19.585,20.402,19.585,19.849,54861
264,2016-05-16,19.948,20.157,19.677,19.794,36588
265,2016-05-17,19.813,20.537,19.813,20.473,74896
266,2016-05-18,20.257,20.556,20.066,20.12,36597
267,2016-05-19,20.066,20.667,19.957,20.392,90833
268,2016-05-20,20.665,21.254,20.492,20.855,81678
269,2016-05-23,20.964,21.399,20.865,20.91,90579
270,2016-05-24,21.072,21.753,21.037,21.753,135636
271,2016-05-25,21.525,21.717,20.755,21.027,96962
272,2016-05-26,21.191,21.191,20.402,20.656,108253
273,2016-05-27,20.8,20.945,20.591,20.719,45221
274,2016-05-31,20.855,21.0,20.559,20.746,36378
275,2016-06-01,20.773,20.855,20.537,20.701,69245
276,2016-06-02,20.855,22.342,20.773,21.943,183847
277,2016-06-03,22.116,22.297,21.807,21.943,69378
278,2016-06-06,22.033,22.216,21.468,21.943,115869
279,2016-06-07,22.124,22.142,21.889,21.988,63583
280,2016-06-08,22.242,22.541,22.133,22.216,97688
281,2016-06-09,22.332,22.423,21.889,21.943,71735
282,2016-06-10,21.943,22.133,21.535,21.717,129848
283,2016-06-13,21.67,21.67,21.082,21.181,92154
284,2016-06-14,21.091,21.53,20.257,20.266,145662
285,2016-06-15,20.347,20.79,19.957,20.084,137607
286,2016-06-16,20.029,20.447,19.966,19.984,89904
287,2016-06-17,20.058,20.274,19.984,20.148,71746
288,2016-06-20,20.483,21.082,20.483,20.765,182166
289,2016-06-21,21.018,21.236,20.91,20.955,201608
290,2016-06-22,21.218,21.218,20.646,20.873,144228
291,2016-06-23,21.199,21.236,20.765,20.991,86211
292,2016-06-24,20.627,20.945,20.193,20.373,160788
293,2016-06-27,20.193,20.193,17.505,17.961,415229
294,2016-06-28,18.162,19.939,18.162,19.295,319576
295,2016-06-29,19.722,20.855,19.559,19.839,244874
296,2016-06-30,20.021,20.937,20.012,20.637,192710
297,2016-07-01,20.845,21.67,20.845,21.617,124187
298,2016-07-05,21.399,21.399,20.402,20.456,212327
299,2016-07-06,20.402,21.109,19.776,20.066,202820
300,2016-07-07,20.093,20.591,19.948,19.966,108029
301,2016-07-08,20.193,20.728,19.948,20.138,145593
302,2016-07-11,20.32,20.591,20.148,20.383,104590
303,2016-07-12,20.646,21.118,20.238,21.009,170577
304,2016-07-13,21.072,21.072,20.556,20.937,53756
305,2016-07-14,20.865,20.873,20.42,20.746,157867
306,2016-07-15,20.665,20.722,20.274,20.292,104584
307,2016-07-18,20.292,20.456,19.903,19.957,154820
308,2016-07-19,20.003,20.42,19.948,19.957,108548
309,2016-07-20,19.984,20.312,19.708,20.084,80519
310,2016-07-21,20.058,20.129,19.821,20.12,71055
311,2016-07-22,20.129,20.129,19.522,19.685,165466
312,2016-07-25,19.577,19.647,19.268,19.514,101127
313,2016-07-26,19.414,19.677,19.06,19.178,124977
314,2016-07-27,19.205,19.912,19.205,19.794,80275
315,2016-07-28,19.758,19.939,19.205,19.224,110291
316,2016-07-29,19.359,19.939,19.25,19.784,84376
317,2016-08-01,19.858,19.957,19.677,19.903,60486
318,2016-08-02,19.912,20.112,19.739,19.876,65731
319,2016-08-03,19.849,20.337,19.849,20.328,92590
320,2016-08-04,20.582,21.75,20.546,21.236,261313
321,2016-08-05,21.763,22.005,21.353,21.363,139630
322,2016-08-08,21.744,22.831,21.535,22.514,340650
323,2016-08-09,22.414,22.577,21.953,22.36,158906
324,2016-08-10,22.278,22.443,21.898,22.207,116457
325,2016-08-11,22.211,22.522,21.784,22.007,75448
326,2016-08-12,22.007,22.034,21.142,21.312,148620
327,2016-08-15,21.719,22.044,21.325,21.84,180092
328,2016-08-16,21.969,22.331,21.682,22.331,126562
329,2016-08-17,22.331,22.627,21.988,22.433,115899
330,2016-08-18,22.627,22.646,22.257,22.406,137842
331,2016-08-19,22.257,22.479,22.063,22.479,155824
332,2016-08-22,22.571,23.033,22.359,22.795,300755
333,2016-08-23,22.86,23.101,22.656,22.766,154247
334,2016-08-24,22.914,22.979,22.414,22.563,103901
335,2016-08-25,22.544,22.729,22.368,22.618,84714
336,2016-08-26,22.61,22.795,22.479,22.646,116521
337,2016-08-29,22.804,23.722,22.702,23.47,289586
338,2016-08-30,23.249,23.6,23.165,23.443,171273
339,2016-08-31,23.535,23.61,23.313,23.601,96722
340,2016-09-01,23.535,23.637,23.147,23.462,91835
341,2016-09-02,23.666,23.729,23.249,23.423,98086
342,2016-09-06,23.433,23.449,23.211,23.305,77515
343,2016-09-07,23.397,23.397,22.729,22.989,120631
344,2016-09-08,23.137,23.137,22.775,22.952,111364
345,2016-09-09,22.887,22.887,22.146,22.34,139053
346,2016-09-12,22.331,23.907,22.284,23.87,314246
347,2016-09-13,23.86,24.554,23.61,23.999,259223
348,2016-09-14,24.286,25.0,24.193,24.972,281892
349,2016-09-15,25.194,25.194,24.324,24.833,159037
350,2016-09-16,24.824,25.018,24.397,25.018,132363
351,2016-09-19,25.185,25.185,24.564,24.879,154584
352,2016-09-20,24.972,24.972,24.49,24.656,71309
353,2016-09-21,24.87,24.87,24.499,24.554,120416
354,2016-09-22,24.61,24.703,24.091,24.193,116386
355,2016-09-23,24.332,24.49,24.091,24.286,59267
356,2016-09-26,24.416,25.138,24.212,24.824,196454
357,2016-09-27,24.833,25.203,24.582,25.194,104031
358,2016-09-28,25.361,25.764,25.259,25.713,114012
359,2016-09-29,25.759,26.31,25.713,25.825,223812
360,2016-09-30,26.14,26.242,24.814,25.009,135127
361,2016-10-03,25.111,25.154,24.508,24.934,90205
362,2016-10-04,25.083,25.083,24.731,24.796,60002
363,2016-10-05,24.796,25.036,24.61,25.027,56052
364,2016-10-06,25.185,25.639,25.157,25.575,81042
365,2016-10-07,25.749,25.788,25.046,25.157,54582
366,2016-10-10,25.427,25.694,25.212,25.407,47441
367,2016-10-11,25.481,25.481,24.991,25.065,101943
368,2016-10-12,25.065,25.194,24.786,24.953,73575
369,2016-10-13,24.796,24.796,24.193,24.574,65373
370,2016-10-14,24.712,24.87,24.499,24.508,34203
371,2016-10-17,24.518,25.313,24.518,24.833,57751
372,2016-10-18,25.287,26.489,25.018,25.453,189302
373,2016-10-19,25.63,25.882,25.101,25.194,94306
374,2016-10-20,25.287,25.342,24.758,24.916,99227
375,2016-10-21,25.009,25.945,24.925,25.88,94465
376,2016-10-24,25.88,25.945,25.389,25.444,98964
377,2016-10-25,25.648,25.882,25.537,25.66,74793
378,2016-10-26,25.25,25.686,25.065,25.19,63523
379,2016-10-27,25.361,25.621,25.167,25.621,55244
380,2016-10-28,25.463,25.565,25.129,25.231,67263
381,2016-10-31,25.203,25.554,25.074,25.25,60576
382,2016-11-01,25.528,25.945,24.833,24.879,83546
383,2016-11-02,25.065,27.474,24.842,25.992,378743
384,2016-11-03,25.713,25.75,25.065,25.25,129393
385,2016-11-04,25.667,26.121,25.018,25.018,137876
386,2016-11-07,25.945,26.872,25.481,26.038,202062
387,2016-11-08,26.547,27.659,26.086,26.779,191004
388,2016-11-09,25.957,26.991,25.532,26.099,194216
389,2016-11-10,26.146,26.335,23.504,25.014,342110
390,2016-11-11,24.683,24.683,23.078,24.448,345353
391,2016-11-14,24.305,24.448,23.362,23.88,247025
392,2016-11-15,23.88,24.589,23.461,24.589,173748
393,2016-11-16,24.4,24.872,24.4,24.683,59577
394,2016-11-17,25.014,25.402,24.872,25.297,78420
395,2016-11-18,25.202,25.438,25.023,25.061,59646
396,2016-11-21,25.108,25.438,25.014,25.061,53908
397,2016-11-22,25.155,25.391,24.919,25.014,56317
398,2016-11-23,25.108,25.957,25.108,25.91,74056
399,2016-11-25,25.627,26.099,25.532,25.769,30603
400,2016-11-28,26.004,26.713,26.004,26.429,136467
401,2016-11-29,26.429,26.76,26.203,26.288,69451
402,2016-11-30,26.618,26.854,26.524,26.618,82042
403,2016-12-01,26.571,27.09,26.194,26.477,66884
404,2016-12-02,26.429,27.232,26.061,26.995,196781
405,2016-12-05,26.807,27.327,26.713,26.948,62111
406,2016-12-06,26.854,27.156,26.807,26.807,32754
407,2016-12-07,26.995,27.228,26.765,26.854,39947
408,2016-12-08,26.901,27.099,26.194,26.194,79455
409,2016-12-09,26.194,26.524,25.816,26.241,85628
410,2016-12-12,26.429,26.429,25.014,25.769,546523
411,2016-12-13,25.91,26.158,25.25,25.58,60907
412,2016-12-14,25.722,25.957,25.014,25.108,64793
413,2016-12-15,25.344,26.477,24.919,24.919,64098
414,2016-12-16,24.966,25.242,24.448,24.542,86672
415,2016-12-19,24.542,24.919,24.305,24.305,71462
416,2016-12-20,24.305,25.438,24.305,25.344,60157
417,2016-12-21,25.532,25.532,25.189,25.344,78105
418,2016-12-22,25.485,25.792,25.136,25.202,45031
419,2016-12-23,25.202,25.675,25.108,25.391,41392
420,2016-12-27,25.485,25.627,25.297,25.438,51179
421,2016-12-28,25.485,25.485,25.25,25.25,48896
422,2016-12-29,25.438,25.532,25.061,25.061,68919
423,2016-12-30,25.25,25.438,25.108,25.297,75301
424,2017-01-03,25.297,25.532,25.108,25.25,58211
425,2017-01-04,25.344,25.844,25.344,25.675,35335
426,2017-01-05,25.863,25.957,25.485,25.675,155660
427,2017-01-06,25.957,26.194,25.675,26.146,49547
428,2017-01-09,26.618,26.76,25.675,25.769,88710
429,2017-01-10,25.627,26.241,25.485,26.194,45167
430,2017-01-11,26.146,26.599,25.863,25.91,54197
431,2017-01-12,26.099,26.279,25.485,25.722,123462
432,2017-01-13,25.816,26.194,25.58,26.194,140256
433,2017-01-17,26.335,26.335,26.083,26.335,44138
434,2017-01-18,26.335,26.524,26.146,26.146,111590
435,2017-01-19,26.241,26.335,25.627,25.957,72514
436,2017-01-20,25.91,26.146,25.675,25.722,199811
437,2017-01-23,25.722,25.816,25.155,25.297,410655
438,2017-01-24,25.391,25.627,25.297,25.438,61179
439,2017-01-25,25.438,25.675,25.25,25.438,217296
440,2017-01-26,25.297,25.485,24.919,25.202,248362
441,2017-01-27,25.297,25.457,24.966,25.014,87760
442,2017-01-30,25.014,25.014,24.629,24.825,96485
443,2017-01-31,24.919,24.966,24.305,24.448,97021
444,2017-02-01,24.495,24.612,23.655,23.833,157027
445,2017-02-02,23.88,24.023,23.22,23.598,511071
446,2017-02-03,23.598,25.202,23.504,25.061,156516
447,2017-02-06,25.25,25.58,24.683,25.25,537190
448,2017-02-07,25.391,26.004,25.301,25.91,150317
449,2017-02-08,26.051,26.547,25.769,26.429,132588
450,2017-02-09,26.429,26.807,26.194,26.76,104376
451,2017-02-10,26.76,27.114,26.571,26.618,189575
452,2017-02-13,26.892,26.935,25.978,26.123,118982
453,2017-02-14,26.027,26.508,26.027,26.508,35084
454,2017-02-15,26.46,27.084,26.267,26.988,60608
455,2017-02-16,26.94,27.036,26.171,26.267,84454
456,2017-02-17,26.315,26.363,25.834,26.123,44456
457,2017-02-21,26.123,26.94,26.027,26.94,320331
458,2017-02-22,26.94,27.036,26.748,26.892,59507
459,2017-02-23,26.892,27.951,26.46,27.422,176598
460,2017-02-24,27.036,27.422,26.508,26.7,95044
461,2017-02-27,26.652,27.225,26.604,26.7,111672
462,2017-02-28,26.844,26.844,26.027,26.171,107537
463,2017-03-01,26.508,27.061,26.219,26.46,118886
464,2017-03-02,26.604,27.132,26.556,26.7,260543
465,2017-03-03,26.892,27.566,26.793,27.326,106139
466,2017-03-06,27.566,28.841,27.566,28.287,209944
467,2017-03-07,28.383,28.383,27.855,28.095,85901
468,2017-03-08,28.383,28.432,27.566,27.662,125136
469,2017-03-09,27.518,28.335,27.48,27.855,94450
470,2017-03-10,27.999,28.167,27.595,27.999,48287
471,2017-03-13,27.999,28.239,27.662,27.951,74824
472,2017-03-14,27.855,27.855,27.036,27.518,91319
473,2017-03-15,27.662,27.662,27.278,27.47,47903
474,2017-03-16,27.518,27.614,27.23,27.422,37412
475,2017-03-17,27.47,27.855,27.23,27.278,67267
476,2017-03-20,27.518,27.863,27.326,27.806,42304
477,2017-03-21,27.903,27.903,27.326,27.422,54870
478,2017-03-22,27.278,27.475,26.892,27.036,92426
479,2017-03-23,26.988,27.223,26.556,26.652,99938
480,2017-03-24,26.796,26.844,26.46,26.508,119794
481,2017-03-27,26.46,26.988,26.228,26.844,106654
482,2017-03-28,26.7,27.181,26.363,27.036,101749
483,2017-03-29,26.94,27.758,26.821,27.326,69886
484,2017-03-30,27.518,27.662,26.368,26.508,126159
485,2017-03-31,26.556,27.036,26.416,27.036,50783
486,2017-04-03,27.036,27.132,26.556,26.604,59308
487,2017-04-04,26.652,27.326,26.46,27.132,89881
488,2017-04-05,27.181,27.614,26.796,26.94,92639
489,2017-04-06,27.084,27.518,26.94,27.326,69041
490,2017-04-07,27.326,27.518,26.796,26.892,73024
491,2017-04-10,26.892,28.239,26.892,28.095,138587
492,2017-04-11,27.999,28.095,27.566,28.047,107277
493,2017-04-12,27.951,27.951,27.181,27.374,94639
494,2017-04-13,27.278,27.47,27.084,27.132,90904
495,2017-04-17,27.326,27.951,27.036,27.806,137633
496,2017-04-18,27.903,28.383,27.48,28.335,140923
497,2017-04-19,28.383,28.48,27.903,27.951,101996
498,2017-04-20,28.047,28.48,27.999,28.287,105099
499,2017-04-21,28.335,28.432,28.143,28.287,103394
500,2017-04-24,28.528,28.528,28.105,28.191,36444
501,2017-04-25,28.287,28.48,28.196,28.383,113156
502,2017-04-26,28.383,29.442,28.354,28.528,207949
503,2017-04-27,28.625,28.817,28.047,28.817,153545
504,2017-04-28,28.865,28.865,27.999,28.047,36539
505,2017-05-01,27.999,28.047,26.556,26.94,375100
506,2017-05-02,26.796,26.94,26.027,26.315,181278
507,2017-05-03,26.411,27.031,25.742,26.94,174953
508,2017-05-04,27.084,27.138,26.585,26.7,75254
509,2017-05-05,26.844,27.326,26.731,27.278,53506
510,2017-05-08,27.422,27.422,26.988,27.181,58474
511,2017-05-09,27.278,27.326,26.7,26.988,45692
512,2017-05-10,27.036,27.518,26.796,26.796,79901
513,2017-05-11,26.892,27.422,26.892,27.326,52618
514,2017-05-12,27.566,27.566,27.278,27.326,33156
515,2017-05-15,27.374,27.855,27.238,27.806,98617
516,2017-05-16,28.008,28.204,27.37,27.615,46645
517,2017-05-17,27.321,27.468,27.012,27.125,63693
518,2017-05-18,27.076,27.566,26.879,27.566,67192
519,2017-05-19,27.517,27.86,27.125,27.223,59067
520,2017-05-22,27.076,27.321,26.781,27.321,59221
521,2017-05-23,27.37,27.419,27.027,27.37,30333
522,2017-05-24,27.223,27.468,27.076,27.076,38344
523,2017-05-25,27.076,27.37,26.973,27.272,34207
524,2017-05-26,27.223,27.468,27.19,27.37,27826
525,2017-05-30,27.566,27.64,27.223,27.37,52864
526,2017-05-31,27.468,27.566,27.233,27.566,37117
527,2017-06-01,27.615,27.959,27.37,27.37,73919
528,2017-06-02,27.272,27.571,26.924,27.027,110625
529,2017-06-05,27.076,27.433,27.027,27.027,59073
530,2017-06-06,27.027,27.272,26.978,27.223,41989
531,2017-06-07,27.223,27.272,25.825,25.947,223246
532,2017-06-08,26.144,26.673,26.144,26.438,65225
533,2017-06-09,26.536,27.076,26.536,27.076,40283
534,2017-06-12,27.125,27.223,26.83,26.978,19726
535,2017-06-13,27.076,27.321,26.978,27.027,47649
536,2017-06-14,27.272,27.419,27.075,27.419,51916
537,2017-06-15,27.272,27.419,27.076,27.125,31822
538,2017-06-16,27.37,27.86,26.879,27.664,65808
539,2017-06-19,27.615,27.615,26.732,26.732,60166
540,2017-06-20,26.683,26.978,26.193,26.879,77003
541,2017-06-21,26.781,26.781,26.144,26.291,95308
542,2017-06-22,26.242,26.732,26.046,26.34,76573
543,2017-06-23,26.34,26.683,26.276,26.634,22557
544,2017-06-26,26.536,26.879,26.4,26.83,56051
545,2017-06-27,26.83,26.978,26.732,26.781,25582
546,2017-06-28,26.732,27.272,26.659,27.174,51818
547,2017-06-29,27.272,27.321,26.683,27.076,22048
548,2017-06-30,26.928,27.223,26.683,26.978,46537
549,2017-07-03,26.781,27.027,26.664,26.83,29074
550,2017-07-05,26.928,27.076,26.781,26.978,29001
551,2017-07-06,26.978,27.076,26.732,27.076,20267
552,2017-07-07,27.027,27.076,26.83,26.928,33918
553,2017-07-10,26.83,27.076,26.732,27.027,24358
554,2017-07-11,26.978,27.164,26.83,27.125,31431
555,2017-07-12,27.076,27.517,27.076,27.37,39655
556,2017-07-13,27.321,27.517,27.321,27.419,15752
557,2017-07-14,27.223,27.774,27.223,27.566,48604
558,2017-07-17,27.37,27.855,27.37,27.811,28233
559,2017-07-18,27.664,27.86,27.664,27.86,22646
560,2017-07-19,27.664,28.204,27.664,28.155,42508
561,2017-07-20,28.106,28.106,27.38,28.008,41370
562,2017-07-21,27.86,28.008,27.86,27.959,18054
563,2017-07-24,27.959,28.243,27.934,28.194,22686
564,2017-07-25,28.13,28.253,27.909,28.106,20942
565,2017-07-26,28.204,28.4,28.155,28.253,28177
566,2017-07-27,28.253,28.351,28.204,28.253,31743
567,2017-07-28,28.155,28.449,28.106,28.449,26602
568,2017-07-31,28.498,28.547,28.204,28.351,28294
569,2017-08-01,28.253,28.508,27.959,28.498,71536
570,2017-08-02,28.351,29.185,28.179,29.185,40088
571,2017-08-03,28.449,29.577,27.125,28.89,171745
572,2017-08-04,29.528,29.724,28.94,29.332,52963
573,2017-08-07,29.332,29.528,29.185,29.185,61029
574,2017-08-08,29.43,29.43,28.694,29.087,47541
575,2017-08-09,28.94,29.724,28.351,29.528,45134
576,2017-08-10,29.724,29.724,28.989,29.43,57846
577,2017-08-11,29.3,29.4,28.2,28.95,57602
578,2017-08-14,28.7,29.5,28.5,29.1562,35015
579,2017-08-15,29.85,29.85,28.7,29.4,21281
580,2017-08-16,29.25,29.4,28.55,28.7,52393
581,2017-08-17,29.0,29.0,28.4,28.4,39586
582,2017-08-18,28.7,28.7,28.3,28.6,20303
583,2017-08-21,28.7,29.15,28.7,28.8,51189
584,2017-08-22,29.0,29.0,28.65,28.7,9937
585,2017-08-23,28.8,28.8,28.6,28.75,10307
586,2017-08-24,28.8,29.4,28.7,28.8,66621
587,2017-08-25,28.9,29.0,28.65,28.65,12760
588,2017-08-28,29.05,29.3,28.8,29.3,33859
589,2017-08-29,29.25,29.3,28.95,29.0,14653
590,2017-08-30,29.3,29.3169,29.0,29.1,25873
591,2017-08-31,29.35,29.45,29.105,29.15,16286
592,2017-09-01,29.1,29.3,28.9,29.0,20000
593,2017-09-05,29.15,29.3,28.9,29.0,39178
594,2017-09-06,29.0,29.089,28.5,28.855,40151
595,2017-09-07,28.3,29.1,28.3,29.1,25847
596,2017-09-08,29.1,29.1,28.6,28.9,19058
597,2017-09-11,28.9,29.3,28.805,29.1,19086
598,2017-09-12,29.25,29.25,28.85,29.0,14547
599,2017-09-13,28.75,29.0,28.6,28.85,28729
600,2017-09-14,28.7,29.0,28.7,29.0,23769
601,2017-09-15,29.0,29.0,28.775,28.95,24091
602,2017-09-18,29.05,29.325,28.7,28.75,75604
603,2017-09-19,28.9,28.9,28.35,28.5,42255
604,2017-09-20,28.45,28.9,28.45,28.6,22445
605,2017-09-21,28.75,28.75,28.6,28.75,23741
606,2017-09-22,29.05,29.2537,28.6,28.75,29626
607,2017-09-25,29.0,29.305,29.0,29.25,23915
608,2017-09-26,29.25,29.65,29.25,29.3,33782
609,2017-09-27,29.55,29.6,29.05,29.55,29011
610,2017-09-28,29.3,29.7,29.3,29.65,19008
611,2017-09-29,29.55,29.8,29.55,29.55,22081
612,2017-10-02,29.65,29.9,29.35,29.55,27769
613,2017-10-03,29.85,30.01,29.4,29.8,33969
614,2017-10-04,29.8,29.95,29.6,29.75,14209
615,2017-10-05,29.75,30.25,29.75,30.25,29760
616,2017-10-06,30.2,30.75,30.1,30.5,28503
617,2017-10-09,30.45,31.0,30.45,30.65,27970
618,2017-10-10,30.75,30.95,30.55,30.8,20809
619,2017-10-11,31.0,31.45,30.934,31.45,32199
620,2017-10-12,31.95,31.95,30.3,30.9,53579
621,2017-10-13,31.0,31.16,30.35,30.55,16807
622,2017-10-16,30.75,30.75,30.3,30.35,30677
623,2017-10-17,30.45,30.9,30.3,30.65,20221
624,2017-10-18,30.6,30.85,30.3,30.525,30433
625,2017-10-19,30.4,30.5,30.25,30.35,46531
626,2017-10-20,30.65,30.65,30.3,30.4,44710
627,2017-10-23,30.35,30.77,30.0,30.15,36838
628,2017-10-24,30.15,30.4,30.0,30.0,23092
629,2017-10-25,30.1,30.25,29.2,29.35,86289
630,2017-10-26,29.45,29.5,29.0,29.05,38915
631,2017-10-27,29.15,29.5,29.05,29.4,20997
632,2017-10-30,29.375,29.65,29.1,29.2,33851
633,2017-10-31,27.5,27.95,27.45,27.7,1107760
634,2017-11-01,27.6,29.0,27.6,29.0,215566
635,2017-11-02,28.5,29.75,28.3,29.05,212503
636,2017-11-03,29.2,29.4,29.15,29.35,44330
637,2017-11-06,29.45,29.6,28.95,29.1,65006
638,2017-11-07,29.45,29.7,29.0,29.1,62254
639,2017-11-08,29.15,29.29,29.0,29.15,38926
640,2017-11-09,29.15,29.25,28.65,28.95,56650
641,2017-11-10,29.0,29.15,28.7,29.05,54921
