,Date,Open,High,Low,Close,Volume
0,2005-02-25,356.4,356.4,346.32,352.08,644
1,2005-02-28,342.0,350.64,341.28,344.16,478
2,2005-03-01,344.16,357.84,326.16,352.8,1270
3,2005-03-02,345.6,354.24,345.6,353.52,291
4,2005-03-03,347.04,355.68,346.32,347.76,96
5,2005-03-04,347.04,354.24,340.56,343.44,476
6,2005-03-07,342.0,354.24,342.0,345.6,636
7,2005-03-08,345.6,352.8,345.6,351.36,518
8,2005-03-09,351.36,351.36,342.0,346.32,378
9,2005-03-10,341.28,348.48,340.56,341.28,333
10,2005-03-11,334.8,349.2,334.8,342.72,484
11,2005-03-14,338.4,342.0,334.8,336.96,288
12,2005-03-15,336.24,341.28,336.24,341.28,302
13,2005-03-16,341.28,342.0,334.8,341.28,220
14,2005-03-17,344.88,359.28,344.88,354.24,679
15,2005-03-18,354.24,360.0,345.6,345.6,464
16,2005-03-21,348.48,355.68,346.32,350.64,134
17,2005-03-22,345.6,354.96,338.4,339.84,554
18,2005-03-23,340.56,352.08,338.4,348.48,244
19,2005-03-24,358.56,358.56,347.04,349.2,384
20,2005-03-28,344.16,346.32,339.84,342.0,135
21,2005-03-29,341.28,343.44,328.32,329.04,475
22,2005-03-30,328.32,342.72,328.32,342.72,282
23,2005-03-31,343.44,349.2,335.52,338.4,333
24,2005-04-01,342.72,347.04,336.24,343.44,79
25,2005-04-04,332.64,332.64,316.8,326.88,845
26,2005-04-05,322.56,334.08,322.56,334.08,63
27,2005-04-06,337.68,337.68,328.32,329.04,305
28,2005-04-07,326.16,331.92,326.16,331.2,140
29,2005-04-08,331.2,332.64,329.04,329.04,243
30,2005-04-11,330.48,330.48,323.28,323.28,584
31,2005-04-12,317.52,324.0,316.08,316.08,1009
32,2005-04-13,314.64,319.68,314.64,316.08,273
33,2005-04-14,305.28,309.6,292.32,302.4,297
34,2005-04-15,295.92,305.28,287.28,305.28,244
35,2005-04-18,294.48,324.72,281.52,324.0,761
36,2005-04-19,329.04,329.04,313.92,329.04,31
37,2005-04-20,313.92,326.88,303.84,323.28,27
38,2005-04-21,311.04,324.0,311.04,317.52,44
39,2005-04-22,303.84,308.88,292.32,300.24,191
40,2005-04-25,290.88,312.48,290.88,308.16,206
41,2005-04-26,303.84,307.44,300.96,301.68,139
42,2005-04-27,296.64,303.12,296.64,300.96,190
43,2005-04-28,297.36,307.44,291.6,297.36,172
44,2005-04-29,291.6,302.4,290.16,302.4,216
45,2005-05-02,302.4,313.92,285.84,303.84,239
46,2005-05-03,313.92,313.92,289.44,294.48,150
47,2005-05-04,292.32,299.52,282.96,299.52,338
48,2005-05-05,306.0,306.0,286.56,288.0,112
49,2005-05-06,280.8,298.8,280.8,298.8,94
50,2005-05-09,282.96,299.52,282.96,299.52,200
51,2005-05-10,296.64,304.56,288.72,298.08,68
52,2005-05-11,295.2,300.24,288.72,300.24,47
53,2005-05-12,293.76,298.8,288.72,297.36,74
54,2005-05-13,290.16,295.2,290.16,295.2,57
55,2005-05-16,295.2,298.08,292.32,295.92,291
56,2005-05-17,289.44,306.0,289.44,306.0,122
57,2005-05-18,295.92,326.16,295.92,313.2,372
58,2005-05-19,306.72,335.52,306.72,335.52,487
59,2005-05-20,337.68,341.28,324.72,326.16,383
60,2005-05-23,318.96,327.6,318.96,324.0,244
61,2005-05-24,326.16,336.96,320.4,331.92,442
62,2005-05-25,326.16,354.96,326.16,345.6,461
63,2005-05-26,354.24,354.24,338.4,338.4,115
64,2005-05-27,344.88,344.88,329.76,334.8,138
65,2005-05-31,356.4,432.0,350.64,429.84,3158
66,2005-06-01,453.6,496.8,447.12,470.16,3320
67,2005-06-02,480.24,480.24,432.0,450.72,1549
68,2005-06-03,468.0,468.0,410.4,455.04,1333
69,2005-06-06,468.0,468.0,439.2,442.08,642
70,2005-06-07,434.88,441.36,433.44,437.76,364
71,2005-06-08,446.4,453.6,401.76,439.92,831
72,2005-06-09,435.6,460.08,432.0,458.64,269
73,2005-06-10,460.8,467.28,438.48,459.36,139
74,2005-06-13,455.76,455.76,445.68,445.68,58
75,2005-06-14,416.88,450.0,414.72,449.28,187
76,2005-06-15,438.48,446.4,434.88,437.04,82
77,2005-06-16,439.2,439.92,427.68,432.72,154
78,2005-06-17,433.44,449.28,425.52,430.56,719
79,2005-06-20,391.68,439.92,388.08,439.92,106
80,2005-06-21,432.72,434.88,430.56,432.72,98
81,2005-06-22,426.24,435.6,426.24,429.12,181
82,2005-06-23,426.24,429.84,421.2,421.2,133
83,2005-06-24,414.72,429.84,414.72,416.88,443
84,2005-06-27,414.72,437.76,414.72,416.88,405
85,2005-06-28,428.4,429.12,417.6,421.92,440
86,2005-06-29,439.2,439.2,422.64,424.8,139
87,2005-06-30,419.04,427.68,417.6,419.04,202
88,2005-07-01,416.16,432.0,414.0,416.88,439
89,2005-07-05,425.52,425.52,417.6,423.36,131
90,2005-07-06,429.12,438.48,423.36,438.48,267
91,2005-07-07,446.4,446.4,433.44,439.2,280
92,2005-07-08,431.28,449.28,431.28,436.32,371
93,2005-07-11,429.12,455.76,425.52,447.12,341
94,2005-07-12,453.6,498.96,434.16,483.84,1317
95,2005-07-13,475.2,480.96,468.72,473.04,138
96,2005-07-14,481.68,482.4,468.72,468.72,240
97,2005-07-15,478.8,481.68,468.72,469.44,121
98,2005-07-18,482.4,502.56,471.6,499.68,715
99,2005-07-19,504.0,504.0,486.0,496.8,313
100,2005-07-20,491.04,503.28,442.08,495.36,304
101,2005-07-21,495.36,501.84,466.56,469.44,1208
102,2005-07-22,476.64,493.2,471.6,482.4,457
103,2005-07-25,482.4,496.08,482.4,492.48,452
104,2005-07-26,489.6,491.04,489.6,489.6,11
105,2005-07-27,496.08,496.08,483.12,486.0,57
106,2005-07-28,483.12,500.4,483.12,489.6,103
107,2005-07-29,483.84,493.92,475.2,493.92,428
108,2005-08-01,503.28,514.08,495.36,511.2,437
109,2005-08-02,520.56,522.0,511.2,518.4,209
110,2005-08-03,534.24,534.24,514.8,528.48,137
111,2005-08-04,511.2,538.56,511.2,512.64,333
112,2005-08-05,504.0,545.76,457.92,505.44,657
113,2005-08-08,496.8,504.0,491.04,494.64,180
114,2005-08-09,494.64,504.0,493.2,493.2,33
115,2005-08-10,495.36,495.36,494.64,494.64,19
116,2005-08-11,489.6,502.56,476.64,489.6,176
117,2005-08-12,489.6,495.36,488.16,490.32,279
118,2005-08-15,490.32,502.56,475.2,494.64,286
119,2005-08-16,486.0,530.64,486.0,511.2,749
120,2005-08-17,504.0,504.72,494.64,498.96,309
121,2005-08-18,493.2,498.24,491.76,493.92,182
122,2005-08-19,514.08,514.08,492.48,498.96,91
123,2005-08-22,510.48,510.48,486.72,489.6,107
124,2005-08-23,488.88,492.48,461.52,475.2,528
125,2005-08-24,465.12,477.36,464.4,474.48,167
126,2005-08-25,473.04,482.4,473.04,482.4,4
127,2005-08-26,468.0,482.4,468.0,478.08,49
128,2005-08-29,461.52,478.8,452.88,473.76,169
129,2005-08-30,474.48,474.48,460.8,464.4,617
130,2005-08-31,460.8,468.0,452.88,463.68,149
131,2005-09-01,461.52,466.56,457.2,461.52,116
132,2005-09-02,468.0,478.8,467.28,473.04,65
133,2005-09-06,473.76,483.84,460.8,483.84,101
134,2005-09-07,486.0,488.88,480.96,484.56,53
135,2005-09-08,477.36,482.4,473.04,476.64,177
136,2005-09-09,478.08,478.08,471.6,474.48,23
137,2005-09-12,486.0,486.0,472.32,472.32,135
138,2005-09-13,470.88,489.6,470.88,477.36,167
139,2005-09-14,482.4,482.4,473.04,475.92,232
140,2005-09-15,482.4,483.84,451.44,457.2,480
141,2005-09-16,460.8,464.4,447.12,460.08,550
142,2005-09-19,470.88,479.52,470.88,473.04,311
143,2005-09-20,485.28,488.88,472.32,482.4,444
144,2005-09-21,482.4,482.4,475.2,480.96,245
145,2005-09-22,475.2,488.16,473.04,480.96,207
146,2005-09-23,488.16,488.16,472.32,481.68,116
147,2005-09-26,478.8,486.0,472.32,480.24,103
148,2005-09-27,486.0,488.16,472.32,486.0,123
149,2005-09-28,486.72,488.88,473.04,473.76,149
150,2005-09-29,482.4,486.0,468.72,475.2,73
151,2005-09-30,475.2,504.0,469.44,485.28,401
152,2005-10-03,485.28,486.72,473.04,485.28,178
153,2005-10-04,472.32,486.72,472.32,486.0,114
154,2005-10-05,487.44,487.44,473.76,480.96,87
155,2005-10-06,474.48,478.8,471.6,473.76,60
156,2005-10-07,472.32,478.08,471.6,475.2,192
157,2005-10-10,471.6,474.48,464.4,468.0,229
158,2005-10-11,473.04,473.76,469.44,473.04,58
159,2005-10-12,504.0,504.0,462.96,474.48,128
160,2005-10-13,474.48,504.0,460.8,462.24,135
161,2005-10-14,460.8,468.72,435.6,441.36,215
162,2005-10-17,437.76,470.88,437.76,469.44,274
163,2005-10-18,480.96,484.56,470.88,484.56,308
164,2005-10-19,489.6,489.6,480.24,483.12,69
165,2005-10-20,500.4,504.0,468.72,478.08,300
166,2005-10-21,488.88,488.88,468.72,470.88,98
167,2005-10-24,482.4,484.56,471.6,475.2,77
168,2005-10-25,478.8,480.24,470.16,470.16,36
169,2005-10-26,484.56,484.56,470.16,473.04,84
170,2005-10-27,480.24,480.24,469.44,472.32,49
171,2005-10-28,482.4,482.4,455.76,457.2,113
172,2005-10-31,460.8,481.68,447.84,475.92,206
173,2005-11-01,480.24,480.24,463.68,463.68,45
174,2005-11-02,466.56,478.08,457.92,478.08,297
175,2005-11-03,480.96,480.96,470.88,471.6,134
176,2005-11-04,469.44,478.8,468.72,470.88,37
177,2005-11-07,469.44,482.4,469.44,475.92,208
178,2005-11-08,475.92,484.56,475.92,483.84,57
179,2005-11-09,480.24,482.4,473.76,482.4,78
180,2005-11-10,482.4,484.56,475.2,482.4,339
181,2005-11-11,482.4,483.84,478.08,480.24,167
182,2005-11-14,482.4,486.0,477.36,482.4,109
183,2005-11-15,480.24,480.24,468.72,473.04,183
184,2005-11-16,468.0,468.0,361.44,375.84,1503
185,2005-11-17,374.4,377.28,370.8,374.4,196
186,2005-11-18,370.8,392.4,334.8,392.4,773
187,2005-11-21,392.4,411.84,392.4,399.6,535
188,2005-11-22,415.44,416.88,405.36,413.28,338
189,2005-11-23,413.28,414.0,404.64,405.36,186
190,2005-11-25,414.0,414.0,397.44,399.6,115
191,2005-11-28,396.0,396.0,372.24,374.4,283
192,2005-11-29,395.28,395.28,385.2,389.52,94
193,2005-11-30,408.96,433.44,401.04,406.08,498
194,2005-12-01,397.44,414.72,356.4,375.84,491
195,2005-12-02,374.4,390.24,374.4,378.72,190
196,2005-12-05,385.2,385.2,372.96,374.4,53
197,2005-12-06,372.96,381.6,364.32,370.8,229
198,2005-12-07,370.8,370.8,347.76,364.32,388
199,2005-12-08,361.44,375.12,360.72,366.48,145
200,2005-12-09,379.44,379.44,360.0,367.2,172
201,2005-12-12,378.72,378.72,360.72,361.44,167
202,2005-12-13,363.6,370.8,360.0,370.08,239
203,2005-12-14,385.2,385.2,352.8,366.48,290
204,2005-12-15,372.96,372.96,360.72,367.92,86
205,2005-12-16,361.44,368.64,352.8,365.04,190
206,2005-12-19,365.04,369.36,359.28,359.28,179
207,2005-12-20,366.48,372.24,352.8,356.4,220
208,2005-12-21,363.6,368.64,354.96,367.92,232
209,2005-12-22,367.92,378.72,362.16,372.24,298
210,2005-12-23,380.16,380.16,354.24,360.72,403
211,2005-12-27,352.8,370.8,349.2,361.44,271
212,2005-12-28,353.52,369.36,353.52,361.44,185
213,2005-12-29,354.24,381.6,354.24,377.28,336
214,2005-12-30,378.0,384.48,360.0,378.72,468
215,2006-01-03,385.2,385.2,363.6,381.6,115
216,2006-01-04,381.6,384.48,376.56,377.28,116
217,2006-01-05,390.24,390.24,375.12,378.72,172
218,2006-01-06,388.8,388.8,371.52,379.44,166
219,2006-01-09,373.68,388.8,373.68,380.88,217
220,2006-01-10,388.8,388.8,380.16,388.08,157
221,2006-01-11,382.32,388.8,380.88,380.88,246
222,2006-01-12,388.08,388.08,368.64,371.52,234
223,2006-01-13,362.16,378.72,362.16,367.92,135
224,2006-01-17,377.28,378.72,369.36,375.12,127
225,2006-01-18,381.6,387.36,371.52,380.16,205
226,2006-01-19,371.52,378.0,367.92,370.08,207
227,2006-01-20,367.92,375.12,366.48,368.64,155
228,2006-01-23,368.64,377.28,367.92,367.92,162
229,2006-01-24,378.0,378.0,361.44,369.36,190
230,2006-01-25,378.0,378.0,362.88,363.6,41
231,2006-01-26,376.56,376.56,352.8,356.4,366
232,2006-01-27,356.4,378.0,352.8,372.24,671
233,2006-01-30,384.48,384.48,372.96,377.28,415
234,2006-01-31,381.6,383.76,376.56,378.0,33
235,2006-02-01,384.48,384.48,370.8,374.4,112
236,2006-02-02,368.64,381.6,360.0,361.44,215
237,2006-02-03,374.4,374.4,360.0,372.24,183
238,2006-02-06,361.44,370.8,336.96,365.76,828
239,2006-02-07,372.96,375.84,344.16,360.72,291
240,2006-02-08,370.8,370.8,350.64,351.36,92
241,2006-02-09,342.0,368.64,342.0,360.0,126
242,2006-02-10,364.32,365.04,345.6,362.88,85
243,2006-02-13,363.6,370.8,346.32,370.8,139
244,2006-02-14,370.8,372.96,352.8,360.0,150
245,2006-02-15,356.4,365.76,352.8,360.0,64
246,2006-02-16,360.0,372.96,352.8,355.68,357
247,2006-02-17,347.04,363.6,347.04,363.6,82
248,2006-02-21,372.24,386.64,356.4,377.28,720
249,2006-02-22,381.6,381.6,361.44,362.88,354
250,2006-02-23,356.4,371.52,356.4,370.08,71
251,2006-02-24,372.24,372.24,360.0,363.6,111
252,2006-02-27,357.12,361.44,342.0,351.36,458
253,2006-02-28,371.52,371.52,347.04,349.2,415
254,2006-03-01,349.92,367.2,349.2,362.16,188
255,2006-03-02,360.72,370.8,360.72,367.92,716
256,2006-03-03,367.2,367.2,360.0,365.76,156
257,2006-03-06,372.24,388.8,365.76,388.8,638
258,2006-03-07,394.56,396.0,376.56,376.56,294
259,2006-03-08,378.0,405.36,378.0,400.32,447
260,2006-03-09,401.76,406.8,385.2,401.76,238
261,2006-03-10,406.8,408.96,386.64,394.56,311
262,2006-03-13,405.36,414.0,395.28,403.92,284
263,2006-03-14,414.0,421.2,406.8,414.0,146
264,2006-03-15,409.68,424.08,409.68,422.64,158
265,2006-03-16,424.08,427.68,422.64,424.8,241
266,2006-03-17,427.68,427.68,380.88,414.72,356
267,2006-03-20,439.2,439.2,410.4,413.28,442
268,2006-03-21,424.08,430.56,415.44,428.4,234
269,2006-03-22,432.0,432.0,414.0,417.6,379
270,2006-03-23,426.24,428.4,417.6,426.96,201
271,2006-03-24,382.32,432.0,382.32,417.6,218
272,2006-03-27,349.2,432.0,349.2,424.8,253
273,2006-03-28,421.2,432.0,414.0,418.32,158
274,2006-03-29,429.84,429.84,416.88,424.8,46
275,2006-03-30,426.24,429.84,410.4,424.8,188
276,2006-03-31,424.8,428.4,407.52,428.4,133
277,2006-04-03,428.4,432.0,417.6,420.48,210
278,2006-04-04,420.48,427.68,415.44,417.6,80
279,2006-04-05,421.2,429.12,421.2,424.8,114
280,2006-04-06,424.8,424.8,406.8,412.56,180
281,2006-04-07,419.04,430.56,419.04,425.52,456
282,2006-04-10,432.0,432.0,417.6,424.8,326
283,2006-04-11,417.6,424.08,415.44,419.76,97
284,2006-04-12,421.2,421.2,401.04,404.64,192
285,2006-04-13,403.2,419.76,392.4,416.88,222
286,2006-04-17,421.2,421.2,400.32,417.6,140
287,2006-04-18,400.32,421.2,400.32,404.64,322
288,2006-04-19,398.16,428.4,398.16,423.36,565
289,2006-04-20,432.0,435.6,408.96,417.6,208
290,2006-04-21,421.2,426.24,406.8,408.24,193
291,2006-04-24,417.6,417.6,406.8,413.28,265
292,2006-04-25,417.6,417.6,406.8,414.72,182
293,2006-04-26,395.28,416.16,395.28,407.52,160
294,2006-04-27,406.8,416.88,406.8,415.44,65
295,2006-04-28,406.8,417.6,406.8,416.88,218
296,2006-05-01,416.88,427.68,398.88,414.72,166
297,2006-05-02,403.92,406.08,396.0,399.6,239
298,2006-05-03,401.76,414.0,401.04,408.96,265
299,2006-05-04,403.92,411.84,403.2,411.84,90
300,2006-05-05,413.28,413.28,406.8,411.12,115
301,2006-05-08,413.28,416.88,408.24,413.28,154
302,2006-05-09,412.56,416.88,408.24,414.72,228
303,2006-05-10,414.0,414.0,407.52,414.0,395
304,2006-05-11,414.0,414.0,403.92,414.0,195
305,2006-05-12,414.0,414.0,396.0,396.0,310
306,2006-05-15,399.6,406.08,398.16,404.64,121
307,2006-05-16,405.36,406.8,396.72,400.32,43
308,2006-05-17,396.0,401.04,396.0,401.04,31
309,2006-05-18,396.0,401.76,396.0,401.04,45
310,2006-05-19,401.04,401.76,396.0,397.44,113
311,2006-05-22,396.0,402.48,396.0,402.48,73
312,2006-05-23,396.0,409.68,396.0,409.68,134
313,2006-05-24,399.6,404.64,398.88,400.32,58
314,2006-05-25,396.0,403.2,396.0,396.72,52
315,2006-05-26,396.0,408.96,396.0,403.92,79
316,2006-05-30,403.92,408.24,403.92,407.52,64
317,2006-05-31,403.92,406.08,363.6,378.0,564
318,2006-06-01,378.0,378.0,362.16,374.4,510
319,2006-06-02,363.6,363.6,349.2,349.92,728
320,2006-06-05,370.08,370.08,351.36,357.84,676
321,2006-06-06,357.84,366.48,349.92,360.0,886
322,2006-06-07,367.2,367.92,357.84,367.92,145
323,2006-06-08,367.92,368.64,360.0,362.88,193
324,2006-06-09,380.16,380.88,365.76,371.52,121
325,2006-06-12,353.52,373.68,353.52,362.16,196
326,2006-06-13,360.0,366.48,349.92,352.08,186
327,2006-06-14,347.04,347.04,337.68,345.6,307
328,2006-06-15,352.8,354.24,345.6,352.8,218
329,2006-06-16,352.8,358.56,352.8,356.4,147
330,2006-06-19,360.0,360.0,337.68,342.72,140
331,2006-06-20,337.68,354.96,337.68,354.96,96
332,2006-06-21,346.32,354.24,346.32,354.24,32
333,2006-06-22,354.96,354.96,347.04,349.2,53
334,2006-06-23,354.96,354.96,331.92,333.36,455
335,2006-06-26,331.92,349.2,331.92,332.64,153
336,2006-06-27,342.0,342.0,333.36,336.96,102
337,2006-06-28,342.0,346.32,335.52,339.12,82
338,2006-06-29,334.8,349.92,334.8,344.88,56
339,2006-06-30,345.6,347.76,336.24,336.24,188
340,2006-07-03,336.24,343.44,334.08,335.52,68
341,2006-07-05,334.8,352.08,334.8,339.12,187
342,2006-07-06,348.48,353.52,340.56,343.44,101
343,2006-07-07,342.0,342.72,334.8,341.28,260
344,2006-07-10,342.0,354.24,341.28,350.64,442
345,2006-07-11,351.36,357.84,342.72,342.72,226
346,2006-07-12,354.24,360.0,352.08,356.4,271
347,2006-07-13,364.32,364.32,353.52,357.84,221
348,2006-07-14,361.44,362.88,357.12,361.44,187
349,2006-07-17,363.6,369.36,344.16,354.96,311
350,2006-07-18,354.96,359.28,342.72,347.04,113
351,2006-07-19,350.64,360.0,347.76,349.2,108
352,2006-07-20,360.0,369.36,360.0,360.0,53
353,2006-07-21,349.92,357.84,342.0,351.36,75
354,2006-07-24,343.44,350.64,342.72,344.88,104
355,2006-07-25,341.28,344.88,341.28,342.0,28
356,2006-07-26,336.96,348.48,334.08,344.16,165
357,2006-07-27,336.96,348.48,334.8,337.68,36
358,2006-07-28,334.08,343.44,334.08,336.96,89
359,2006-07-31,342.0,347.04,336.96,336.96,86
360,2006-08-01,335.52,335.52,331.2,331.92,79
361,2006-08-02,331.2,331.92,325.44,331.92,177
362,2006-08-03,329.04,336.24,329.04,333.36,84
363,2006-08-04,329.04,344.16,329.04,343.44,70
364,2006-08-07,342.0,342.0,334.8,340.56,93
365,2006-08-08,336.24,346.32,329.04,329.04,170
366,2006-08-09,326.88,340.56,323.28,332.64,205
367,2006-08-10,324.72,342.72,324.72,331.92,102
368,2006-08-11,328.32,334.8,317.52,322.56,62
369,2006-08-14,315.36,329.76,307.44,311.04,186
370,2006-08-15,311.04,319.68,309.6,314.64,228
371,2006-08-16,307.44,334.08,307.44,332.64,61
372,2006-08-17,336.24,336.96,324.0,324.0,97
373,2006-08-18,331.2,331.92,306.0,327.6,384
374,2006-08-21,316.8,349.2,315.36,338.4,475
375,2006-08-22,331.2,349.2,327.6,342.0,316
376,2006-08-23,338.4,347.76,335.52,345.6,114
377,2006-08-24,339.84,340.56,316.08,322.56,387
378,2006-08-25,315.36,320.4,302.4,304.56,801
379,2006-08-28,318.24,318.24,308.16,308.16,92
380,2006-08-29,288.72,310.32,288.72,309.6,148
381,2006-08-30,317.52,320.4,313.2,319.68,835
382,2006-08-31,322.56,336.96,320.4,331.92,330
383,2006-09-01,331.92,336.96,331.92,336.24,109
384,2006-09-05,336.96,342.72,333.36,342.72,284
385,2006-09-06,342.72,342.72,331.92,339.84,58
386,2006-09-07,338.4,342.0,331.2,339.12,112
387,2006-09-08,343.44,344.88,336.24,344.88,414
388,2006-09-11,344.88,344.88,331.92,331.92,93
389,2006-09-12,332.64,344.16,332.64,343.44,145
390,2006-09-13,347.76,347.76,334.8,338.4,140
391,2006-09-14,331.2,341.28,325.44,341.28,150
392,2006-09-15,344.88,347.04,329.76,344.88,130
393,2006-09-18,345.6,346.32,329.76,339.84,84
394,2006-09-19,347.76,347.76,326.88,329.76,240
395,2006-09-20,341.28,342.72,324.0,338.4,128
396,2006-09-21,335.52,342.0,331.92,332.64,97
397,2006-09-22,335.52,339.84,331.92,332.64,39
398,2006-09-25,331.92,338.4,331.92,336.96,110
399,2006-09-26,331.92,336.96,331.92,333.36,60
400,2006-09-27,333.36,338.4,333.36,336.24,71
401,2006-09-28,331.92,338.4,331.92,334.8,84
402,2006-09-29,338.4,342.0,336.96,340.56,128
403,2006-10-02,365.04,365.04,331.92,338.4,168
404,2006-10-03,342.72,347.04,332.64,332.64,129
405,2006-10-04,332.64,345.6,325.44,331.2,234
406,2006-10-05,329.76,343.44,328.32,341.28,142
407,2006-10-06,336.96,341.28,330.48,335.52,160
408,2006-10-09,344.16,344.16,334.8,339.12,195
409,2006-10-10,344.88,345.6,339.12,345.6,90
410,2006-10-11,334.8,348.48,334.8,343.44,178
411,2006-10-12,340.56,347.76,335.52,337.68,134
412,2006-10-13,329.04,345.6,329.04,342.0,201
413,2006-10-16,339.12,343.44,330.48,338.4,238
414,2006-10-17,338.4,344.88,332.64,339.84,124
415,2006-10-18,342.0,344.88,334.8,344.88,109
416,2006-10-19,340.56,342.72,334.8,342.72,54
417,2006-10-20,332.64,344.88,332.64,343.44,136
418,2006-10-23,344.88,349.92,339.84,344.16,216
419,2006-10-24,347.04,347.04,340.56,341.28,122
420,2006-10-25,342.0,350.64,331.2,332.64,216
421,2006-10-26,331.2,340.56,331.2,331.92,179
422,2006-10-27,339.12,344.88,331.2,332.64,113
423,2006-10-30,329.04,340.56,325.44,334.08,497
424,2006-10-31,337.68,337.68,326.16,326.16,98
425,2006-11-01,330.48,334.8,329.76,331.92,32
426,2006-11-02,324.0,336.24,324.0,329.04,105
427,2006-11-03,324.0,334.8,324.0,333.36,364
428,2006-11-06,331.92,334.8,324.0,334.08,351
429,2006-11-07,335.52,336.24,326.88,329.04,461
430,2006-11-08,324.0,329.76,324.0,329.04,109
431,2006-11-09,334.08,336.24,326.88,332.64,53
432,2006-11-10,327.6,335.52,324.0,328.32,106
433,2006-11-13,336.24,336.24,324.0,335.52,187
434,2006-11-14,335.52,335.52,324.0,331.2,173
435,2006-11-15,345.6,345.6,324.72,327.6,509
436,2006-11-16,331.2,331.92,322.56,326.88,329
437,2006-11-17,324.0,328.32,307.44,313.2,672
438,2006-11-20,312.48,331.2,312.48,317.52,510
439,2006-11-21,309.6,321.12,309.6,314.64,259
440,2006-11-22,318.24,327.6,313.2,326.16,377
441,2006-11-24,326.88,326.88,313.92,326.88,88
442,2006-11-27,334.08,334.08,309.6,316.8,660
443,2006-11-28,313.2,318.96,310.32,313.92,103
444,2006-11-29,311.76,311.76,302.4,308.16,986
445,2006-11-30,315.36,322.56,315.36,321.12,575
446,2006-12-01,318.24,320.4,308.16,314.64,108
447,2006-12-04,316.8,318.96,301.68,307.44,530
448,2006-12-05,305.28,312.48,303.12,312.48,370
449,2006-12-06,312.48,315.36,305.28,305.28,354
450,2006-12-07,299.52,315.36,299.52,308.16,353
451,2006-12-08,310.32,313.2,298.08,302.4,122
452,2006-12-11,303.84,310.32,298.8,304.56,215
453,2006-12-12,306.72,311.04,300.96,300.96,197
454,2006-12-13,306.0,308.88,303.84,308.88,247
455,2006-12-14,312.48,312.48,300.24,300.96,212
456,2006-12-15,302.4,303.84,300.96,303.84,390
457,2006-12-18,306.0,307.44,298.8,298.8,541
458,2006-12-19,298.8,306.0,298.8,299.52,239
459,2006-12-20,300.24,306.0,298.8,301.68,306
460,2006-12-21,301.68,309.6,294.48,297.36,489
461,2006-12-22,293.04,298.8,290.88,291.6,661
462,2006-12-26,294.48,295.2,292.32,293.76,427
463,2006-12-27,296.64,298.8,293.76,295.92,593
464,2006-12-28,298.8,298.8,293.04,295.92,420
465,2006-12-29,293.04,306.0,292.32,303.12,614
466,2007-01-03,310.32,312.48,293.76,293.76,567
467,2007-01-04,296.64,310.32,295.92,310.32,228
468,2007-01-05,306.72,310.32,306.0,307.44,330
469,2007-01-08,306.0,315.36,306.0,313.92,352
470,2007-01-09,313.2,323.28,313.2,322.56,274
471,2007-01-10,322.56,323.28,316.08,320.4,147
472,2007-01-11,323.28,337.68,316.8,337.68,788
473,2007-01-12,329.04,342.0,329.04,335.52,260
474,2007-01-16,342.0,342.0,330.48,330.48,357
475,2007-01-17,330.48,339.84,327.6,328.32,283
476,2007-01-18,327.6,334.8,326.16,326.16,216
477,2007-01-19,326.16,327.6,313.2,327.6,64
478,2007-01-22,326.16,336.96,326.16,334.8,166
479,2007-01-23,334.8,334.8,324.0,328.32,134
480,2007-01-24,324.0,329.04,318.96,318.96,181
481,2007-01-25,314.64,318.96,306.72,307.44,286
482,2007-01-26,309.6,318.24,306.72,312.48,197
483,2007-01-29,309.6,325.44,309.6,313.2,365
484,2007-01-30,316.08,331.2,313.2,316.08,341
485,2007-01-31,320.4,324.0,310.32,323.28,274
486,2007-02-01,324.0,342.0,321.12,342.0,200
487,2007-02-02,344.16,344.16,325.44,336.96,382
488,2007-02-05,339.84,339.84,328.32,332.64,228
489,2007-02-06,330.48,337.68,330.48,333.36,124
490,2007-02-07,329.76,338.4,328.32,333.36,160
491,2007-02-08,331.2,334.8,331.2,334.08,154
492,2007-02-09,331.92,336.24,331.2,331.2,292
493,2007-02-12,334.08,336.24,330.48,333.36,117
494,2007-02-13,336.96,336.96,333.36,334.08,212
495,2007-02-14,336.96,337.68,331.92,334.8,236
496,2007-02-15,337.68,337.68,324.0,332.64,266
497,2007-02-16,329.76,339.84,324.0,325.44,252
498,2007-02-20,333.36,333.36,324.72,329.04,151
499,2007-02-21,327.6,334.8,327.6,333.36,274
500,2007-02-22,332.64,333.36,318.24,324.0,340
501,2007-02-23,321.12,330.48,318.96,318.96,188
502,2007-02-26,328.32,330.48,318.96,324.0,277
503,2007-02-27,327.6,330.48,318.96,327.6,154
504,2007-02-28,322.56,330.48,322.56,324.0,97
505,2007-03-01,320.4,325.44,317.52,318.24,126
506,2007-03-02,320.4,324.72,316.08,316.8,180
507,2007-03-05,311.04,315.36,307.44,307.44,150
508,2007-03-06,312.48,313.2,307.44,310.32,97
509,2007-03-07,309.6,310.32,306.0,306.72,146
510,2007-03-08,311.04,311.04,306.72,308.16,135
511,2007-03-09,309.6,310.32,305.28,306.72,103
512,2007-03-12,305.28,309.6,295.2,306.72,590
513,2007-03-13,308.88,311.76,298.8,311.76,641
514,2007-03-14,313.2,320.4,299.52,305.28,473
515,2007-03-15,316.8,316.8,308.88,310.32,281
516,2007-03-16,313.2,313.92,310.32,313.92,124
517,2007-03-19,311.76,314.64,300.96,304.56,201
518,2007-03-20,305.28,305.28,300.24,303.12,131
519,2007-03-21,304.56,310.32,303.84,305.28,66
520,2007-03-22,303.12,304.56,299.52,303.12,135
521,2007-03-23,303.12,304.56,301.68,304.56,167
522,2007-03-26,305.28,305.28,299.52,300.24,320
523,2007-03-27,298.8,302.4,296.64,298.08,189
524,2007-03-28,297.36,299.52,296.64,298.8,172
525,2007-03-29,296.64,298.08,293.76,294.48,383
526,2007-03-30,295.92,298.8,294.48,296.64,166
527,2007-04-02,295.92,300.24,294.48,295.2,136
528,2007-04-03,295.2,298.08,295.2,297.36,99
529,2007-04-04,295.2,298.8,294.48,296.64,227
530,2007-04-05,298.8,302.4,298.8,300.24,338
531,2007-04-09,298.08,300.24,293.04,296.64,170
532,2007-04-10,295.2,295.92,290.88,295.92,234
533,2007-04-11,298.08,298.08,290.88,293.04,150
534,2007-04-12,293.04,293.04,290.88,291.6,86
535,2007-04-13,297.36,302.4,291.6,292.32,285
536,2007-04-16,290.88,298.08,290.88,295.92,79
537,2007-04-17,293.76,298.8,290.88,293.76,163
538,2007-04-18,291.6,296.64,290.88,292.32,158
539,2007-04-19,298.08,298.08,291.6,291.6,162
540,2007-04-20,294.48,296.64,292.32,296.64,71
541,2007-04-23,293.76,295.2,290.16,295.2,1033
542,2007-04-24,297.36,309.6,290.16,303.84,542
543,2007-04-25,299.52,317.52,299.52,314.64,1118
544,2007-04-26,310.32,313.92,300.24,308.16,149
545,2007-04-27,308.16,309.6,300.24,306.72,138
546,2007-04-30,311.04,312.48,302.4,303.84,91
547,2007-05-01,306.72,308.16,306.0,308.16,37
548,2007-05-02,306.0,311.04,300.96,300.96,45
549,2007-05-03,313.2,331.2,310.32,310.32,625
550,2007-05-04,316.08,327.6,309.6,319.68,332
551,2007-05-07,324.0,329.04,312.48,312.48,309
552,2007-05-08,311.04,326.16,311.04,323.28,215
553,2007-05-09,324.72,324.72,320.4,322.56,390
554,2007-05-10,326.88,327.6,316.8,321.84,328
555,2007-05-11,321.12,323.28,311.04,311.76,170
556,2007-05-14,316.8,327.6,316.8,324.72,273
557,2007-05-15,330.48,330.48,311.76,313.92,219
558,2007-05-16,322.56,330.48,313.92,317.52,141
559,2007-05-17,317.52,329.76,316.08,316.8,150
560,2007-05-18,314.64,320.4,313.92,318.96,87
561,2007-05-21,324.72,324.72,311.76,319.68,110
562,2007-05-22,313.92,318.24,308.16,318.24,95
563,2007-05-23,318.24,318.24,309.6,313.2,54
564,2007-05-24,316.08,327.6,316.08,325.44,113
565,2007-05-25,321.84,325.44,321.12,323.28,93
566,2007-05-29,324.0,324.72,316.8,318.24,121
567,2007-05-30,325.44,325.44,312.48,324.72,102
568,2007-05-31,327.6,327.6,318.24,318.24,127
569,2007-06-01,319.68,324.72,315.36,318.24,188
570,2007-06-04,317.52,326.16,316.8,324.72,82
571,2007-06-05,321.84,326.16,321.84,324.0,36
572,2007-06-06,326.88,326.88,322.56,324.72,115
573,2007-06-07,328.32,328.32,318.24,320.4,295
574,2007-06-08,316.08,331.2,313.2,324.0,291
575,2007-06-11,326.88,327.6,308.16,309.6,379
576,2007-06-12,307.44,318.24,307.44,307.44,177
577,2007-06-13,307.44,313.92,306.0,312.48,80
578,2007-06-14,307.44,315.36,306.72,306.72,275
579,2007-06-15,306.72,313.92,306.72,310.32,168
580,2007-06-18,306.72,309.6,303.84,305.28,315
581,2007-06-19,304.56,308.88,303.12,304.56,184
582,2007-06-20,308.16,308.16,306.0,307.44,74
583,2007-06-21,306.0,308.88,305.28,305.28,310
584,2007-06-22,302.4,316.08,302.4,315.36,137
585,2007-06-25,316.8,316.8,306.0,308.88,116
586,2007-06-26,309.6,309.6,306.0,306.0,85
587,2007-06-27,303.12,309.6,303.12,306.0,145
588,2007-06-28,306.0,308.16,293.76,297.36,367
589,2007-06-29,302.4,306.0,295.92,300.24,87
590,2007-07-02,298.8,300.24,290.16,293.76,182
591,2007-07-03,290.16,300.24,290.16,296.64,152
592,2007-07-05,293.76,298.08,291.6,295.2,48
593,2007-07-06,293.76,297.36,293.04,296.64,241
594,2007-07-09,293.76,297.36,293.76,296.64,123
595,2007-07-10,292.32,300.96,290.88,290.88,188
596,2007-07-11,292.32,297.36,292.32,294.48,57
597,2007-07-12,295.2,304.56,293.04,297.36,185
598,2007-07-13,294.48,298.08,292.32,294.48,119
599,2007-07-16,292.32,296.64,292.32,295.92,107
600,2007-07-17,297.36,297.36,293.04,293.04,162
601,2007-07-18,295.2,295.2,292.32,294.48,126
602,2007-07-19,295.2,297.36,295.2,297.36,144
603,2007-07-20,295.92,309.6,290.16,290.88,362
604,2007-07-23,291.6,298.08,291.6,294.48,93
605,2007-07-24,295.92,295.92,289.44,289.44,119
606,2007-07-25,292.32,294.48,289.44,290.88,86
607,2007-07-26,289.44,294.48,289.44,289.44,212
608,2007-07-27,288.72,295.2,288.72,290.88,92
609,2007-07-30,288.72,296.64,288.72,291.6,91
610,2007-07-31,295.2,295.2,290.16,290.88,19
611,2007-08-01,290.88,293.76,290.88,290.88,21
612,2007-08-02,289.44,289.44,284.4,284.4,189
613,2007-08-03,288.0,288.72,284.4,287.28,64
614,2007-08-06,288.0,291.6,280.8,285.12,597
615,2007-08-07,281.52,285.84,280.8,281.52,297
616,2007-08-08,280.8,281.52,280.08,280.08,105
617,2007-08-09,280.08,280.8,277.92,279.36,86
618,2007-08-10,274.32,280.8,264.96,274.32,213
619,2007-08-13,277.2,280.08,264.96,264.96,104
620,2007-08-14,264.96,264.96,261.36,261.36,40
621,2007-08-15,261.36,261.36,252.72,252.72,198
622,2007-08-16,253.44,259.2,252.0,252.0,180
623,2007-08-17,259.2,266.4,252.0,259.2,90
624,2007-08-20,265.68,265.68,258.48,259.2,157
625,2007-08-21,261.36,261.36,233.28,233.28,184
626,2007-08-22,237.6,259.2,237.6,257.04,269
627,2007-08-23,259.2,279.36,258.48,279.36,168
628,2007-08-24,270.72,285.84,252.0,267.12,287
629,2007-08-27,273.6,282.24,270.72,279.36,325
630,2007-08-28,282.96,282.96,272.16,280.08,263
631,2007-08-29,284.4,284.4,269.28,275.04,144
632,2007-08-30,272.16,272.16,268.56,268.56,72
633,2007-08-31,266.4,280.8,266.4,270.0,78
634,2007-09-04,262.08,270.0,253.44,257.76,233
635,2007-09-05,254.16,259.2,252.0,256.32,120
636,2007-09-06,256.32,269.28,249.84,258.48,123
637,2007-09-07,260.64,260.64,257.76,259.92,48
638,2007-09-10,270.0,270.0,252.72,258.48,167
639,2007-09-11,255.6,268.56,254.88,259.2,59
640,2007-09-12,259.2,270.0,252.0,253.44,84
641,2007-09-13,260.64,262.8,252.0,252.0,112
642,2007-09-14,267.84,267.84,257.04,259.2,51
643,2007-09-17,254.16,259.2,249.84,251.28,136
644,2007-09-18,252.72,254.88,246.24,248.4,180
645,2007-09-19,248.4,260.64,246.24,252.0,158
646,2007-09-20,246.24,258.48,246.24,247.68,154
647,2007-09-21,246.96,251.28,242.64,249.12,254
648,2007-09-24,249.84,249.84,243.36,249.84,140
649,2007-09-25,244.8,250.56,236.88,243.36,198
650,2007-09-26,236.88,246.24,236.88,242.64,216
651,2007-09-27,237.6,246.96,237.6,239.76,273
652,2007-09-28,244.08,247.68,237.6,242.64,152
653,2007-10-01,244.8,244.8,238.32,241.92,147
654,2007-10-02,239.76,244.08,236.88,241.92,177
655,2007-10-03,238.32,244.8,236.88,244.08,266
656,2007-10-04,242.64,243.36,237.6,243.36,141
657,2007-10-05,239.04,244.08,239.04,241.2,217
658,2007-10-08,237.6,244.08,237.6,237.6,155
659,2007-10-09,240.48,244.08,236.16,236.16,208
660,2007-10-10,234.72,242.64,228.24,238.32,611
661,2007-10-11,237.6,239.04,227.52,235.44,126
662,2007-10-12,232.56,237.6,229.68,229.68,195
663,2007-10-15,231.84,235.44,224.64,234.0,82
664,2007-10-16,229.68,235.44,225.36,232.56,108
665,2007-10-17,231.12,234.72,223.2,231.12,67
666,2007-10-18,234.0,234.72,224.64,228.24,95
667,2007-10-19,226.08,230.4,223.2,223.92,63
668,2007-10-22,223.2,230.4,219.6,221.04,216
669,2007-10-23,222.48,223.2,219.6,223.2,53
670,2007-10-24,225.36,225.36,221.04,223.2,65
671,2007-10-25,220.32,223.2,220.32,223.2,17
672,2007-10-26,220.32,223.92,220.32,223.2,138
673,2007-10-29,220.32,229.68,220.32,229.68,258
674,2007-10-30,226.08,233.28,226.08,228.96,98
675,2007-10-31,234.0,234.0,228.24,231.12,63
676,2007-11-01,234.0,234.0,223.2,228.96,69
677,2007-11-02,216.0,240.48,213.84,231.84,394
678,2007-11-05,218.16,234.72,216.0,217.44,337
679,2007-11-06,216.0,223.92,215.28,219.6,249
680,2007-11-07,221.76,241.2,221.04,239.76,252
681,2007-11-08,241.2,241.2,213.84,227.52,170
682,2007-11-09,244.8,244.8,234.72,241.2,314
683,2007-11-12,241.2,244.8,227.52,239.76,189
684,2007-11-13,244.08,244.08,228.24,229.68,175
685,2007-11-14,218.16,241.92,213.12,237.6,1244
686,2007-11-15,239.76,244.8,224.64,228.24,200
687,2007-11-16,228.24,244.08,220.32,244.08,156
688,2007-11-19,234.72,243.36,221.04,226.8,180
689,2007-11-20,228.24,241.2,218.88,226.8,138
690,2007-11-21,226.8,231.84,226.8,230.4,39
691,2007-11-26,233.28,233.28,223.2,223.2,327
692,2007-11-27,223.2,239.04,223.2,239.04,55
693,2007-11-28,220.32,244.8,220.32,239.04,263
694,2007-11-29,242.64,244.8,221.76,239.76,63
695,2007-11-30,246.96,247.68,240.48,246.24,119
696,2007-12-03,252.0,257.76,226.8,239.76,224
697,2007-12-04,231.12,244.08,223.92,237.6,59
698,2007-12-05,233.28,245.52,221.76,240.48,410
699,2007-12-06,234.0,241.92,226.08,234.72,221
700,2007-12-07,236.16,238.32,224.64,237.6,148
701,2007-12-10,234.0,239.04,224.64,231.12,262
702,2007-12-11,235.44,241.2,221.76,223.92,139
703,2007-12-12,225.36,229.68,212.4,222.48,444
704,2007-12-13,220.32,236.88,220.32,229.68,237
705,2007-12-14,234.0,234.0,212.4,232.56,401
706,2007-12-17,225.36,239.76,221.76,239.76,365
707,2007-12-18,232.56,241.2,224.64,232.56,240
708,2007-12-19,244.08,244.08,226.08,235.44,234
709,2007-12-20,227.52,244.8,224.64,244.8,277
710,2007-12-21,240.48,258.48,238.32,244.8,325
711,2007-12-24,239.76,241.2,237.6,240.48,91
712,2007-12-26,234.72,247.68,223.92,238.32,384
713,2007-12-27,233.28,234.0,226.8,234.0,205
714,2007-12-28,234.0,234.0,219.6,224.64,768
715,2007-12-31,220.32,240.48,220.32,238.32,478
716,2008-01-02,239.04,244.08,230.4,235.44,132
717,2008-01-03,230.4,239.76,230.4,239.04,148
718,2008-01-04,225.36,236.88,225.36,230.4,44
719,2008-01-07,226.08,239.04,222.48,234.0,176
720,2008-01-08,227.52,236.16,227.52,233.28,107
721,2008-01-09,230.4,234.0,226.08,230.4,292
722,2008-01-10,225.36,239.04,224.64,234.0,97
723,2008-01-11,234.0,236.88,227.52,227.52,75
724,2008-01-14,230.4,237.6,222.48,234.0,337
725,2008-01-15,234.0,239.76,226.08,236.88,238
726,2008-01-16,231.12,239.76,226.8,237.6,186
727,2008-01-17,230.4,234.0,220.32,226.8,160
728,2008-01-18,226.8,234.0,219.6,229.68,102
729,2008-01-22,229.68,237.6,229.68,236.88,184
730,2008-01-23,238.32,238.32,229.68,230.4,231
731,2008-01-24,223.92,237.6,216.72,230.4,308
732,2008-01-25,231.12,239.04,230.4,239.04,272
733,2008-01-28,226.8,241.2,226.8,236.16,60
734,2008-01-29,241.92,241.92,225.36,232.56,123
735,2008-01-30,218.16,241.2,216.72,230.4,97
736,2008-01-31,230.4,240.48,219.6,234.72,353
737,2008-02-01,227.52,236.88,227.52,230.4,142
738,2008-02-04,234.72,241.2,224.64,237.6,320
739,2008-02-05,231.84,240.48,224.64,237.6,75
740,2008-02-06,236.16,255.6,226.8,231.12,193
741,2008-02-07,230.4,248.4,228.24,232.56,90
742,2008-02-08,233.28,234.0,230.4,234.0,108
743,2008-02-11,230.4,243.36,223.2,243.36,217
744,2008-02-12,236.16,243.36,232.56,233.28,73
745,2008-02-13,225.36,232.56,221.76,228.96,287
746,2008-02-14,225.36,243.36,224.64,243.36,120
747,2008-02-15,242.64,242.64,231.12,237.6,66
748,2008-02-19,231.84,236.16,225.36,236.16,83
749,2008-02-20,236.16,236.16,227.52,228.96,127
750,2008-02-21,236.16,236.16,223.2,227.52,96
751,2008-02-22,226.08,237.6,225.36,236.16,155
752,2008-02-25,233.28,242.64,231.84,232.56,94
753,2008-02-26,231.12,237.6,223.92,231.84,115
754,2008-02-27,229.68,236.88,224.64,230.4,119
755,2008-02-28,230.4,239.76,230.4,234.0,35
756,2008-02-29,232.56,236.16,232.56,236.16,29
757,2008-03-03,230.4,235.44,230.4,232.56,64
758,2008-03-04,231.84,231.84,231.12,231.12,25
759,2008-03-05,235.44,235.44,233.28,234.0,18
760,2008-03-06,231.12,234.0,230.4,234.0,32
761,2008-03-07,227.52,230.4,221.76,221.76,75
762,2008-03-10,231.84,231.84,226.08,226.08,40
763,2008-03-11,229.68,230.4,223.2,229.68,71
764,2008-03-12,228.24,228.24,217.44,218.16,431
765,2008-03-13,213.84,227.52,213.84,227.52,34
766,2008-03-14,227.52,230.4,222.48,222.48,105
767,2008-03-17,228.96,230.4,213.84,215.28,56
768,2008-03-18,216.0,224.64,213.84,224.64,27
769,2008-03-19,223.92,225.36,203.04,209.52,234
770,2008-03-20,208.8,215.28,208.8,215.28,54
771,2008-03-24,208.8,219.6,208.8,216.0,104
772,2008-03-25,221.04,221.04,215.28,218.88,127
773,2008-03-26,214.56,221.04,214.56,221.04,23
774,2008-03-27,223.92,223.92,212.4,221.04,61
775,2008-03-28,226.08,226.08,222.48,224.64,76
776,2008-03-31,226.8,226.8,216.72,216.72,57
777,2008-04-01,222.48,225.36,217.44,217.44,30
778,2008-04-02,223.92,223.92,212.4,221.76,424
779,2008-04-03,216.72,218.88,216.72,217.44,35
780,2008-04-04,217.44,232.56,217.44,231.84,178
781,2008-04-07,233.28,233.28,229.68,232.56,70
782,2008-04-08,234.0,234.0,223.92,226.8,76
783,2008-04-09,225.36,225.36,217.44,221.04,59
784,2008-04-10,217.44,221.04,217.44,217.44,48
785,2008-04-11,217.44,221.04,216.0,216.72,15
786,2008-04-14,221.04,228.24,219.6,224.64,33
787,2008-04-15,219.6,223.2,217.44,217.44,36
788,2008-04-16,216.72,228.96,216.72,227.52,64
789,2008-04-17,221.04,223.92,217.44,220.32,58
790,2008-04-18,220.32,224.64,219.6,223.2,100
791,2008-04-21,220.32,224.64,220.32,223.92,47
792,2008-04-22,223.2,229.68,216.0,220.32,237
793,2008-04-23,228.96,228.96,221.76,221.76,14
794,2008-04-24,221.04,225.36,216.72,217.44,61
795,2008-04-25,223.2,226.8,223.2,224.64,68
796,2008-04-28,229.68,235.44,225.36,235.44,157
797,2008-04-29,234.0,236.16,234.0,235.44,73
798,2008-04-30,237.6,237.6,234.0,236.16,65
799,2008-05-01,232.56,237.6,232.56,236.88,37
800,2008-05-02,237.6,237.6,231.12,234.0,25
801,2008-05-05,239.76,240.48,233.28,233.28,87
802,2008-05-06,236.16,241.2,234.72,235.44,88
803,2008-05-07,230.4,239.04,230.4,230.4,96
804,2008-05-08,223.2,228.96,223.2,223.92,19
805,2008-05-09,230.4,230.4,220.32,226.08,92
806,2008-05-12,229.68,239.76,224.64,232.56,38
807,2008-05-13,234.0,236.88,232.56,235.44,39
808,2008-05-14,238.32,241.2,230.4,230.4,92
809,2008-05-15,237.6,239.04,234.0,235.44,64
810,2008-05-16,231.84,235.44,231.12,233.28,95
811,2008-05-19,231.12,233.28,231.12,231.12,101
812,2008-05-20,231.84,240.48,231.84,232.56,43
813,2008-05-21,236.88,239.04,233.28,234.72,132
814,2008-05-22,234.0,239.04,227.52,232.56,58
815,2008-05-23,232.56,232.56,221.04,221.04,96
816,2008-05-27,237.6,237.6,229.68,231.84,63
817,2008-05-28,228.96,229.68,224.64,228.96,73
818,2008-05-29,231.84,234.0,227.52,230.4,38
819,2008-05-30,234.0,234.0,231.84,231.84,33
820,2008-06-02,234.0,240.48,234.0,234.0,185
821,2008-06-03,233.28,239.76,231.12,231.12,31
822,2008-06-04,230.4,230.4,217.44,219.6,525
823,2008-06-05,217.44,226.8,213.84,213.84,426
824,2008-06-06,216.0,217.44,213.12,215.28,102
825,2008-06-09,212.4,212.4,199.44,208.08,526
826,2008-06-10,204.48,215.28,200.16,210.96,236
827,2008-06-11,206.64,220.32,193.68,203.04,311
828,2008-06-12,200.88,200.88,195.12,198.0,281
829,2008-06-13,195.84,212.4,189.36,198.0,93
830,2008-06-16,200.16,206.64,192.24,201.6,202
831,2008-06-17,204.48,204.48,195.12,198.72,132
832,2008-06-18,200.88,206.64,185.04,190.8,327
833,2008-06-19,187.92,187.92,172.08,181.44,112
834,2008-06-20,177.12,185.76,177.12,180.72,43
835,2008-06-23,180.72,180.72,173.52,179.28,128
836,2008-06-24,174.24,186.48,174.24,181.44,124
837,2008-06-25,185.76,190.8,174.96,178.56,78
838,2008-06-26,180.0,180.0,163.44,163.44,416
839,2008-06-27,163.44,186.48,163.44,182.16,245
840,2008-06-30,187.2,215.28,180.0,187.2,191
841,2008-07-01,182.16,182.16,172.08,172.8,68
842,2008-07-02,169.92,180.0,169.2,176.4,57
843,2008-07-03,174.24,213.84,174.24,213.84,156
844,2008-07-07,190.8,198.0,180.72,183.6,66
845,2008-07-08,180.0,180.0,172.08,177.12,55
846,2008-07-09,184.32,186.48,180.72,186.48,54
847,2008-07-10,177.84,177.84,166.32,166.32,68
848,2008-07-11,165.6,175.68,163.44,172.8,281
849,2008-07-14,185.76,204.48,169.92,169.92,339
850,2008-07-15,169.92,177.84,163.44,177.84,255
851,2008-07-16,185.04,200.16,163.44,169.2,282
852,2008-07-17,166.32,181.44,163.44,164.88,326
853,2008-07-18,165.6,171.36,165.6,169.2,13
854,2008-07-21,169.2,177.84,167.04,174.96,142
855,2008-07-22,168.48,181.44,167.76,176.4,138
856,2008-07-23,172.8,174.24,167.04,169.2,118
857,2008-07-24,167.04,172.08,167.04,171.36,158
858,2008-07-25,172.8,172.8,168.48,171.36,56
859,2008-07-28,169.92,172.8,167.04,172.08,161
860,2008-07-29,167.04,171.36,159.12,171.36,80
861,2008-07-30,179.28,181.44,169.2,172.08,78
862,2008-07-31,167.04,172.8,167.04,169.2,127
863,2008-08-01,167.04,172.08,156.24,171.36,319
864,2008-08-04,174.96,177.84,158.4,167.04,314
865,2008-08-05,164.16,170.64,163.44,170.64,81
866,2008-08-07,159.84,176.4,159.84,167.04,100
867,2008-08-08,163.44,179.28,162.0,168.48,113
868,2008-08-11,168.48,172.8,167.04,170.64,191
869,2008-08-12,171.36,176.4,167.04,172.8,70
870,2008-08-13,168.48,169.2,161.28,169.2,314
871,2008-08-14,165.6,178.56,165.6,178.56,19
872,2008-08-15,178.56,180.0,174.24,174.24,65
873,2008-08-18,172.8,172.8,169.2,169.2,206
874,2008-08-19,170.64,173.52,170.64,173.52,6
875,2008-08-20,169.2,169.2,165.6,165.6,64
876,2008-08-21,170.64,172.08,168.48,172.08,55
877,2008-08-22,173.52,173.52,169.2,169.92,204
878,2008-08-25,169.2,169.92,167.76,169.2,249
879,2008-08-26,172.08,172.08,167.76,172.08,78
880,2008-08-27,172.08,172.08,165.6,168.48,134
881,2008-08-28,169.92,172.08,167.76,172.08,79
882,2008-08-29,172.8,173.52,165.6,173.52,180
883,2008-09-02,174.24,174.96,171.36,174.96,81
884,2008-09-03,171.36,174.96,171.36,172.8,72
885,2008-09-04,169.92,177.12,167.76,174.24,25
886,2008-09-05,176.4,176.4,166.32,171.36,204
887,2008-09-08,171.36,171.36,165.6,165.6,140
888,2008-09-09,165.6,167.76,165.6,167.76,83
889,2008-09-10,165.6,168.48,165.6,165.6,77
890,2008-09-11,165.6,166.32,160.56,166.32,93
891,2008-09-12,166.32,166.32,159.84,159.84,61
892,2008-09-15,161.28,162.0,156.24,162.0,106
893,2008-09-16,156.24,167.04,143.28,167.04,304
894,2008-09-17,160.56,164.88,147.6,149.76,205
895,2008-09-18,146.16,162.72,144.72,144.72,209
896,2008-09-19,144.72,149.04,137.52,138.24,95
897,2008-09-22,136.8,144.0,136.8,139.68,52
898,2008-09-23,138.96,141.84,138.96,141.12,284
899,2008-09-24,144.0,144.0,138.96,143.28,86
900,2008-09-25,146.16,156.96,139.68,143.28,70
901,2008-09-26,138.96,140.4,138.24,140.4,50
902,2008-09-29,137.52,140.4,128.88,128.88,179
903,2008-09-30,128.88,141.12,126.72,126.72,400
904,2008-10-01,131.76,133.2,131.76,133.2,15
905,2008-10-02,128.88,133.2,126.72,133.2,163
906,2008-10-03,127.44,133.2,126.72,130.32,47
907,2008-10-06,124.56,124.56,90.0,113.76,794
908,2008-10-07,110.16,123.12,108.0,109.44,310
909,2008-10-08,110.16,115.2,108.0,112.32,431
910,2008-10-09,108.72,118.08,96.48,108.0,259
911,2008-10-10,90.0,105.84,81.36,93.6,688
912,2008-10-13,97.2,111.6,97.2,100.8,308
913,2008-10-14,108.0,112.32,102.24,105.84,218
914,2008-10-15,100.8,123.12,86.4,99.36,389
915,2008-10-16,84.24,104.4,84.24,90.72,121
916,2008-10-17,90.72,120.24,90.72,95.76,115
917,2008-10-20,93.6,105.84,93.6,95.76,95
918,2008-10-21,102.24,102.96,97.2,97.2,62
919,2008-10-22,97.2,97.2,90.72,91.44,104
920,2008-10-23,95.76,99.36,87.12,90.0,2229
921,2008-10-24,87.12,93.6,85.68,90.0,205
922,2008-10-27,91.44,100.08,89.28,90.72,254
923,2008-10-28,90.0,99.36,90.0,90.72,283
924,2008-10-29,90.72,92.88,90.72,90.72,190
925,2008-10-30,91.44,98.64,90.0,95.04,190
926,2008-10-31,92.16,92.16,92.16,92.16,17
927,2008-11-03,90.0,100.8,90.0,100.8,155
928,2008-11-04,92.16,103.68,90.72,101.52,171
929,2008-11-05,104.4,104.4,90.72,90.72,299
930,2008-11-06,90.72,99.36,90.72,90.72,96
931,2008-11-07,106.56,135.36,91.44,93.6,223
932,2008-11-10,96.48,100.08,87.84,87.84,270
933,2008-11-11,87.84,96.48,87.84,93.6,62
934,2008-11-12,89.28,100.08,89.28,93.6,97
935,2008-11-13,92.88,105.12,90.72,105.12,77
936,2008-11-14,100.08,100.08,87.84,90.0,93
937,2008-11-17,87.84,99.36,87.84,89.28,248
938,2008-11-18,92.88,93.6,87.84,93.6,86
939,2008-11-19,90.0,92.88,79.92,79.92,266
940,2008-11-20,79.2,82.8,78.48,78.48,367
941,2008-11-21,77.76,86.4,77.76,86.4,275
942,2008-11-24,89.28,89.28,82.8,83.52,142
943,2008-11-25,82.8,86.4,82.8,83.52,271
944,2008-11-26,84.24,91.44,84.24,84.96,317
945,2008-11-28,84.96,86.4,84.96,86.4,17
946,2008-12-01,87.84,92.16,82.8,92.16,258
947,2008-12-02,86.4,89.28,84.96,84.96,123
948,2008-12-03,86.4,89.28,85.68,86.4,165
949,2008-12-04,85.68,85.68,82.8,84.24,185
950,2008-12-05,83.52,87.12,83.52,83.52,79
951,2008-12-08,82.8,87.12,82.8,87.12,264
952,2008-12-09,89.28,90.0,86.4,90.0,274
953,2008-12-10,86.4,90.0,85.68,86.4,158
954,2008-12-11,87.12,88.56,86.4,87.12,148
955,2008-12-12,86.4,90.0,86.4,87.12,305
956,2008-12-15,87.84,91.44,87.84,91.44,35
957,2008-12-16,87.84,89.28,86.4,87.12,119
958,2008-12-17,87.12,90.72,87.12,90.72,36
959,2008-12-18,86.4,93.6,85.68,92.16,938
960,2008-12-19,90.0,90.0,87.12,87.12,159
961,2008-12-22,87.84,91.44,82.8,82.8,1364
962,2008-12-23,84.96,85.68,80.64,83.52,409
963,2008-12-24,81.36,84.96,81.36,82.8,196
964,2008-12-26,82.8,92.16,82.8,86.4,242
965,2008-12-29,85.68,95.76,85.68,95.76,116
966,2008-12-30,94.32,95.76,92.88,95.04,121
967,2008-12-31,93.6,93.6,90.0,93.6,574
968,2009-01-02,87.84,98.64,87.84,93.6,103
969,2009-01-05,92.16,97.2,90.72,91.44,527
970,2009-01-06,90.72,106.56,90.72,106.56,236
971,2009-01-07,104.4,104.4,93.6,93.6,51
972,2009-01-08,99.36,99.36,89.28,92.88,409
973,2009-01-09,93.6,98.64,90.72,90.72,166
974,2009-01-12,90.72,94.32,90.72,90.72,86
975,2009-01-13,90.0,92.16,89.28,89.28,380
976,2009-01-14,89.28,91.44,87.12,87.84,371
977,2009-01-16,89.28,91.44,87.12,91.44,81
978,2009-01-20,88.56,93.6,86.4,92.16,202
979,2009-01-21,90.72,93.6,87.12,87.12,212
980,2009-01-22,87.84,89.28,87.12,89.28,46
981,2009-01-23,90.0,97.2,87.84,88.56,257
982,2009-01-26,90.0,93.6,87.12,91.44,393
983,2009-01-27,89.28,93.6,86.4,93.6,278
984,2009-01-28,90.72,92.88,88.56,92.88,90
985,2009-01-29,90.0,93.6,90.0,93.6,23
986,2009-01-30,91.44,94.32,90.72,93.6,32
987,2009-02-02,93.6,97.92,93.6,97.92,17
988,2009-02-03,91.44,92.16,90.72,90.72,39
989,2009-02-04,91.44,93.6,90.72,91.44,35
990,2009-02-05,90.72,92.16,90.72,90.72,45
991,2009-02-06,90.72,92.16,90.72,92.16,53
992,2009-02-09,90.0,91.44,88.56,90.0,126
993,2009-02-10,90.0,90.0,90.0,90.0,31
994,2009-02-11,91.44,91.44,91.44,91.44,59
995,2009-02-12,89.28,91.44,89.28,90.72,300
996,2009-02-13,89.28,93.6,89.28,92.88,38
997,2009-02-17,100.8,100.8,87.84,87.84,390
998,2009-02-19,89.28,90.72,88.56,90.0,379
999,2009-02-20,89.28,89.28,89.28,89.28,6
1000,2009-02-23,89.28,96.48,88.56,88.56,302
1001,2009-02-24,88.56,89.28,88.56,88.56,62
1002,2009-02-26,88.56,90.72,87.12,90.72,592
1003,2009-02-27,87.84,90.72,87.12,87.84,149
1004,2009-03-02,91.44,92.16,87.84,88.56,251
1005,2009-03-03,87.84,88.56,87.84,87.84,32
1006,2009-03-04,87.84,92.16,87.84,88.56,680
1007,2009-03-05,87.84,90.0,86.4,87.84,369
1008,2009-03-06,87.84,87.84,79.92,84.24,432
1009,2009-03-09,86.4,86.4,84.24,84.24,210
1010,2009-03-10,84.24,90.0,84.24,90.0,331
1011,2009-03-11,87.84,90.0,87.84,90.0,26
1012,2009-03-12,86.4,92.16,86.4,92.16,531
1013,2009-03-13,90.0,91.44,89.28,89.28,698
1014,2009-03-16,89.28,92.16,89.28,92.16,72
1015,2009-03-17,90.72,90.72,89.28,89.28,103
1016,2009-03-18,89.28,91.44,89.28,89.28,175
1017,2009-03-19,89.28,90.72,88.56,90.72,292
1018,2009-03-20,92.88,93.6,90.0,92.16,120
1019,2009-03-23,92.16,92.16,89.28,89.28,219
1020,2009-03-24,89.28,90.72,89.28,90.0,82
1021,2009-03-25,92.16,92.16,89.28,91.44,38
1022,2009-03-26,89.28,92.16,89.28,90.72,120
1023,2009-03-27,89.28,92.88,88.56,89.28,384
1024,2009-03-30,89.28,92.88,89.28,92.88,53
1025,2009-03-31,93.6,93.6,90.72,90.72,94
1026,2009-04-01,90.72,91.44,90.72,90.72,21
1027,2009-04-02,90.72,91.44,89.28,89.28,120
1028,2009-04-03,91.44,91.44,87.12,87.84,778
1029,2009-04-06,90.72,90.72,89.28,89.28,28
1030,2009-04-07,89.28,90.72,89.28,89.28,544
1031,2009-04-08,91.44,91.44,89.28,90.72,396
1032,2009-04-09,90.72,92.88,90.72,92.16,907
1033,2009-04-13,92.88,92.88,87.12,87.12,64
1034,2009-04-14,90.72,93.6,90.72,91.44,628
1035,2009-04-15,90.0,91.44,90.0,90.72,24
1036,2009-04-16,90.0,92.16,90.0,92.16,224
1037,2009-04-17,92.16,92.16,90.0,91.44,164
1038,2009-04-20,91.44,91.44,87.84,90.0,392
1039,2009-04-21,87.84,90.0,87.84,89.28,25
1040,2009-04-22,87.84,90.72,87.84,90.0,156
1041,2009-04-23,93.6,93.6,91.44,92.16,98
1042,2009-04-24,91.44,92.16,90.72,92.16,53
1043,2009-04-27,93.6,93.6,91.44,91.44,68
1044,2009-04-28,92.16,96.48,92.16,95.04,120
1045,2009-04-29,95.76,96.48,93.6,93.6,45
1046,2009-04-30,93.6,95.76,93.6,95.04,120
1047,2009-05-01,92.88,98.64,91.44,97.92,170
1048,2009-05-04,98.64,100.8,96.48,96.48,216
1049,2009-05-05,95.04,95.04,92.16,92.88,151
1050,2009-05-06,91.44,92.88,91.44,91.44,77
1051,2009-05-07,91.44,96.48,91.44,95.76,528
1052,2009-05-08,93.6,99.36,93.6,97.92,459
1053,2009-05-11,97.92,100.8,94.32,97.2,452
1054,2009-05-12,97.2,97.92,93.6,97.92,36
1055,2009-05-13,94.32,100.08,93.6,100.08,87
1056,2009-05-14,95.04,99.36,95.04,97.92,70
1057,2009-05-15,96.48,96.48,96.48,96.48,7
1058,2009-05-18,100.08,100.08,97.2,98.64,43
1059,2009-05-19,100.08,100.8,97.92,100.08,121
1060,2009-05-20,100.08,100.8,100.08,100.8,28
1061,2009-05-21,97.2,101.52,97.2,101.52,143
1062,2009-05-22,98.64,100.08,98.64,100.08,115
1063,2009-05-26,98.64,102.24,98.64,102.24,207
1064,2009-05-27,102.24,104.4,102.24,104.4,33
1065,2009-05-28,104.4,104.4,97.92,103.68,24
1066,2009-05-29,98.64,102.24,98.64,102.24,18
1067,2009-06-01,102.24,103.68,98.64,102.24,166
1068,2009-06-02,100.08,102.24,99.36,99.36,52
1069,2009-06-03,100.08,100.08,99.36,99.36,28
1070,2009-06-04,101.52,101.52,98.64,98.64,53
1071,2009-06-05,99.36,99.36,99.36,99.36,2
1072,2009-06-08,100.8,101.52,100.8,101.52,22
1073,2009-06-09,102.24,103.68,100.8,103.68,153
1074,2009-06-10,105.84,105.84,102.24,105.84,87
1075,2009-06-11,105.12,118.08,105.12,113.04,267
1076,2009-06-12,125.28,126.0,120.96,121.68,408
1077,2009-06-15,109.44,118.8,109.44,118.8,98
1078,2009-06-16,121.68,121.68,112.32,113.76,128
1079,2009-06-17,100.8,113.76,100.8,110.16,97
1080,2009-06-18,100.8,120.96,98.64,113.04,675
1081,2009-06-19,117.36,123.12,108.0,118.08,92
1082,2009-06-22,104.4,109.44,104.4,104.4,104
1083,2009-06-23,104.4,104.4,99.36,100.08,149
1084,2009-06-24,104.4,112.32,104.4,107.28,305
1085,2009-06-25,107.28,107.28,100.8,105.84,18
1086,2009-06-26,107.28,108.0,105.12,105.84,130
1087,2009-06-29,110.16,110.16,100.8,100.8,83
1088,2009-06-30,102.24,105.84,95.04,105.84,135
1089,2009-07-01,93.6,105.12,93.6,98.64,73
1090,2009-07-02,102.24,102.24,98.64,98.64,111
1091,2009-07-06,103.68,104.4,98.64,104.4,105
1092,2009-07-07,98.64,103.68,98.64,100.08,33
1093,2009-07-08,99.36,99.36,99.36,99.36,2
1094,2009-07-09,98.64,98.64,97.2,97.2,116
1095,2009-07-10,97.2,98.64,97.2,97.2,14
1096,2009-07-13,97.2,104.4,95.76,101.52,112
1097,2009-07-14,97.92,102.24,95.76,97.2,78
1098,2009-07-15,101.52,101.52,100.8,101.52,67
1099,2009-07-16,100.8,100.8,100.08,100.8,15
1100,2009-07-17,100.08,100.8,99.36,100.8,27
1101,2009-07-20,104.4,104.4,98.64,99.36,145
1102,2009-07-21,104.4,104.4,98.64,104.4,65
1103,2009-07-22,100.8,103.68,100.8,103.68,13
1104,2009-07-23,104.4,104.4,103.68,104.4,56
1105,2009-07-24,100.08,100.8,99.36,100.8,65
1106,2009-07-27,104.4,104.4,100.8,104.4,176
1107,2009-07-28,101.52,103.68,100.8,103.68,80
1108,2009-07-29,100.8,100.8,99.36,100.08,29
1109,2009-07-30,100.8,104.4,100.8,104.4,122
1110,2009-07-31,104.4,105.84,104.4,104.4,157
1111,2009-08-03,107.28,107.28,102.24,107.28,44
1112,2009-08-04,105.84,110.88,105.84,110.88,147
1113,2009-08-05,110.88,110.88,102.96,110.16,173
1114,2009-08-06,109.44,110.16,100.08,110.16,336
1115,2009-08-07,110.88,110.88,102.96,108.72,40
1116,2009-08-10,108.72,110.88,105.12,105.12,61
1117,2009-08-11,110.16,111.6,110.16,111.6,132
1118,2009-08-12,107.28,112.32,107.28,111.6,57
1119,2009-08-13,110.88,110.88,104.4,110.16,62
1120,2009-08-14,109.44,110.16,109.44,110.16,115
1121,2009-08-17,108.0,108.0,106.56,108.0,17
1122,2009-08-18,105.12,110.16,105.12,106.56,12
1123,2009-08-19,109.44,113.04,109.44,112.32,256
1124,2009-08-20,112.32,114.48,105.84,114.48,779
1125,2009-08-21,113.04,118.8,113.04,115.2,1094
1126,2009-08-24,113.76,115.2,113.76,114.48,768
1127,2009-08-25,117.36,120.96,115.2,119.52,878
1128,2009-08-26,113.76,121.68,113.76,120.24,306
1129,2009-08-27,120.96,120.96,116.64,117.36,312
1130,2009-08-28,118.8,141.12,117.36,138.24,1860
1131,2009-08-31,137.52,138.24,133.2,135.36,374
1132,2009-09-01,132.48,139.68,128.88,128.88,322
1133,2009-09-02,123.84,128.88,120.24,126.0,134
1134,2009-09-03,135.36,135.36,126.72,129.6,122
1135,2009-09-04,132.48,156.96,132.48,143.28,1026
1136,2009-09-08,143.28,156.96,143.28,153.36,885
1137,2009-09-09,161.28,165.6,153.36,164.88,1286
1138,2009-09-10,167.76,172.8,156.96,159.84,1334
1139,2009-09-11,174.96,174.96,149.76,155.52,639
1140,2009-09-14,154.8,160.56,146.16,159.12,464
1141,2009-09-15,160.56,171.36,151.92,151.92,347
1142,2009-09-16,151.92,161.28,151.92,156.96,149
1143,2009-09-17,160.56,161.28,133.2,145.44,628
1144,2009-09-18,144.0,148.32,133.92,138.24,951
1145,2009-09-21,129.6,152.64,128.16,138.96,920
1146,2009-09-22,136.08,156.24,134.64,152.64,520
1147,2009-09-23,146.88,154.8,144.0,154.8,276
1148,2009-09-24,156.96,185.76,156.24,185.04,3317
1149,2009-09-25,183.6,323.28,173.52,285.84,41259
1150,2009-09-28,285.84,293.04,225.36,227.52,10465
1151,2009-09-29,234.0,247.68,208.08,243.36,6784
1152,2009-09-30,235.44,270.72,223.92,244.08,4330
1153,2009-10-01,249.12,254.88,231.84,243.36,857
1154,2009-10-02,235.44,244.8,228.96,241.2,856
1155,2009-10-05,233.28,247.68,233.28,236.16,1259
1156,2009-10-06,237.6,242.64,217.44,220.32,1357
1157,2009-10-07,218.16,236.16,217.44,234.0,859
1158,2009-10-08,243.36,247.68,226.8,234.0,483
1159,2009-10-09,230.4,239.76,226.08,236.16,672
1160,2009-10-12,234.72,244.08,234.72,241.92,431
1161,2009-10-13,244.8,262.08,226.8,228.24,1678
1162,2009-10-14,226.8,237.6,226.8,237.6,699
1163,2009-10-15,241.2,241.2,229.68,237.6,393
1164,2009-10-16,239.76,239.76,227.52,232.56,326
1165,2009-10-19,236.16,236.16,226.8,231.12,240
1166,2009-10-20,227.52,235.44,226.8,232.56,293
1167,2009-10-21,228.96,248.4,227.52,244.8,759
1168,2009-10-22,241.2,243.36,223.2,237.6,473
1169,2009-10-23,236.88,236.88,234.72,234.72,26
1170,2009-10-26,237.6,239.76,224.64,226.08,226
1171,2009-10-27,223.2,231.12,221.76,221.76,309
1172,2009-10-28,218.16,218.16,200.88,201.6,605
1173,2009-10-29,198.72,219.6,196.56,202.32,244
1174,2009-10-30,214.56,214.56,193.68,193.68,218
1175,2009-11-02,194.4,198.0,189.36,195.12,290
1176,2009-11-03,185.04,198.72,180.0,198.72,112
1177,2009-11-04,190.8,206.64,190.8,198.72,88
1178,2009-11-05,195.12,195.12,190.8,193.68,22
1179,2009-11-06,190.08,210.24,190.08,205.92,93
1180,2009-11-09,202.32,211.68,195.12,198.0,121
1181,2009-11-10,182.16,213.84,182.16,192.24,204
1182,2009-11-11,197.28,207.36,189.36,201.6,172
1183,2009-11-12,198.0,214.56,198.0,213.84,87
1184,2009-11-13,213.84,214.56,200.88,214.56,74
1185,2009-11-16,210.96,284.4,210.96,268.56,6905
1186,2009-11-17,272.16,293.04,243.36,250.56,3289
1187,2009-11-18,254.16,265.68,242.64,258.48,630
1188,2009-11-19,258.48,258.48,235.44,244.08,498
1189,2009-11-20,234.72,344.16,234.72,342.0,31085
1190,2009-11-23,367.2,381.6,302.4,322.56,44881
1191,2009-11-24,309.6,395.28,302.4,388.08,65121
1192,2009-11-25,330.48,347.04,282.24,293.04,40458
1193,2009-11-27,270.72,320.4,263.52,282.96,19253
1194,2009-11-30,291.6,293.76,252.0,260.64,10228
1195,2009-12-01,255.6,271.44,248.4,260.64,8749
1196,2009-12-02,267.12,267.12,244.8,246.96,4125
1197,2009-12-03,252.0,275.04,245.52,266.4,6975
1198,2009-12-04,252.72,282.24,252.72,259.2,5023
1199,2009-12-07,259.92,280.08,255.6,263.52,3978
1200,2009-12-08,263.52,272.16,252.0,253.44,4912
1201,2009-12-09,257.04,258.48,237.6,239.04,4985
1202,2009-12-10,240.48,259.2,235.44,240.48,3738
1203,2009-12-11,240.48,241.2,223.2,238.32,4209
1204,2009-12-14,239.04,241.2,223.2,228.96,3044
1205,2009-12-15,228.96,243.36,223.2,239.04,2735
1206,2009-12-16,238.32,246.24,231.84,234.72,3330
1207,2009-12-17,232.56,236.16,225.36,226.8,2080
1208,2009-12-18,229.68,239.04,219.6,226.8,2528
1209,2009-12-21,229.68,249.84,219.6,244.8,3451
1210,2009-12-22,244.8,249.84,237.6,239.76,1557
1211,2009-12-23,236.88,290.88,236.16,264.96,7497
1212,2009-12-24,268.56,332.64,267.84,310.32,11651
1213,2009-12-28,311.04,320.4,279.36,288.72,6243
1214,2009-12-29,288.72,292.32,262.8,267.84,4566
1215,2009-12-30,271.44,273.6,252.72,270.0,2962
1216,2009-12-31,270.0,270.0,262.8,264.24,1370
1217,2010-01-04,273.6,284.4,266.4,276.48,2420
1218,2010-01-05,274.32,303.12,273.6,296.64,2063
1219,2010-01-06,295.92,324.0,292.32,299.52,3278
1220,2010-01-07,303.12,309.6,288.0,300.24,1309
1221,2010-01-08,296.64,301.68,290.88,295.92,1287
1222,2010-01-11,292.32,298.8,276.48,284.4,1999
1223,2010-01-12,282.96,282.96,260.64,271.44,2285
1224,2010-01-13,273.6,288.0,264.96,283.68,1191
1225,2010-01-14,280.8,285.84,274.32,282.96,779
1226,2010-01-15,282.96,282.96,268.56,272.16,828
1227,2010-01-19,275.76,277.2,262.8,270.0,1397
1228,2010-01-20,266.4,266.4,252.0,254.16,3021
1229,2010-01-21,257.04,257.04,230.4,246.24,3708
1230,2010-01-22,243.36,243.36,223.92,227.52,3027
1231,2010-01-25,227.52,232.56,205.92,218.16,3814
1232,2010-01-26,214.56,229.68,205.2,220.32,2415
1233,2010-01-27,216.72,223.92,211.68,220.32,600
1234,2010-01-28,223.92,223.92,198.72,212.4,2487
1235,2010-01-29,210.96,219.6,198.72,200.88,1263
1236,2010-02-01,205.92,212.4,198.0,205.2,758
1237,2010-02-02,209.52,210.96,203.76,208.08,324
1238,2010-02-03,210.24,228.96,208.8,221.76,2126
1239,2010-02-04,218.88,229.68,202.32,205.2,1660
1240,2010-02-05,205.2,208.8,185.04,190.08,3565
1241,2010-02-08,192.96,198.0,182.88,191.52,1425
1242,2010-02-09,200.88,213.84,198.0,203.04,1655
1243,2010-02-10,202.32,210.96,199.44,204.48,645
1244,2010-02-11,205.92,207.36,195.84,201.6,886
1245,2010-02-12,196.56,203.76,193.68,198.72,543
1246,2010-02-16,198.0,203.76,193.68,200.88,1211
1247,2010-02-17,204.48,212.4,199.44,207.36,1315
1248,2010-02-18,208.08,215.28,203.04,205.2,2088
1249,2010-02-19,210.24,252.72,209.52,226.08,12800
1250,2010-02-22,234.72,239.04,216.72,226.08,3143
1251,2010-02-23,226.08,228.24,213.12,216.0,1440
1252,2010-02-24,216.0,222.48,212.4,217.44,1340
1253,2010-02-25,207.36,207.36,190.8,205.92,2487
1254,2010-02-26,198.0,205.2,190.8,196.56,1594
1255,2010-03-01,195.84,203.04,182.88,196.56,1191
1256,2010-03-02,195.12,201.6,192.24,201.6,1264
1257,2010-03-03,203.76,207.36,195.12,201.6,860
1258,2010-03-04,199.44,202.32,195.84,199.44,683
1259,2010-03-05,199.44,203.04,192.24,202.32,1124
1260,2010-03-08,199.44,205.2,198.72,203.04,1138
1261,2010-03-09,200.88,220.32,200.88,216.0,2388
1262,2010-03-10,213.84,225.36,213.84,219.6,1236
1263,2010-03-11,220.32,220.32,208.8,217.44,875
1264,2010-03-12,216.0,219.6,214.56,218.16,348
1265,2010-03-15,215.28,218.88,207.36,208.8,726
1266,2010-03-16,207.36,208.08,194.4,202.32,2471
1267,2010-03-17,200.88,202.32,188.64,195.12,2609
1268,2010-03-18,195.84,201.6,185.76,194.4,968
1269,2010-03-19,192.96,199.44,177.84,179.28,2311
1270,2010-03-22,182.16,189.36,172.08,184.32,1894
1271,2010-03-23,182.16,188.64,181.44,187.92,830
1272,2010-03-24,184.32,186.48,180.72,183.6,569
1273,2010-03-25,180.0,186.48,174.24,177.12,1215
1274,2010-03-26,174.96,185.04,174.96,176.4,750
1275,2010-03-29,177.12,179.28,171.36,172.8,840
1276,2010-03-30,172.8,172.8,167.76,169.2,709
1277,2010-03-31,167.04,176.4,167.04,175.68,776
1278,2010-04-01,175.68,182.16,174.24,182.16,1174
1279,2010-04-05,180.72,180.72,176.4,179.28,384
1280,2010-04-06,180.0,192.96,169.2,190.8,1811
1281,2010-04-07,190.8,201.6,190.8,192.96,1136
1282,2010-04-08,194.4,198.0,189.36,195.12,583
1283,2010-04-09,195.12,198.0,194.4,196.56,560
1284,2010-04-12,194.4,194.4,186.48,190.08,353
1285,2010-04-13,187.92,190.8,183.6,190.08,157
1286,2010-04-14,187.92,196.56,187.92,196.56,612
1287,2010-04-15,195.84,196.56,190.8,196.56,264
1288,2010-04-16,194.4,195.84,174.96,180.72,1873
1289,2010-04-19,180.72,188.64,176.4,185.04,459
1290,2010-04-20,184.32,192.96,180.0,192.96,278
1291,2010-04-21,195.12,195.12,186.48,190.8,384
1292,2010-04-22,187.2,190.8,180.0,188.64,242
1293,2010-04-23,190.08,190.8,186.48,190.8,500
1294,2010-04-26,194.4,194.4,180.0,182.88,543
1295,2010-04-27,180.72,180.72,169.92,173.52,744
1296,2010-04-28,173.52,173.52,159.84,171.36,1381
1297,2010-04-29,171.36,173.52,165.6,172.08,463
1298,2010-04-30,169.92,171.36,163.44,171.36,260
1299,2010-05-03,170.64,172.8,163.44,167.76,307
1300,2010-05-04,166.32,166.32,152.64,155.52,575
1301,2010-05-05,156.24,159.12,151.92,155.52,906
1302,2010-05-06,155.52,155.52,144.0,153.36,381
1303,2010-05-07,151.2,151.2,143.28,147.6,255
1304,2010-05-10,152.64,153.36,133.2,133.2,1461
1305,2010-05-11,133.2,144.0,133.2,142.56,1164
1306,2010-05-12,145.44,163.44,143.28,160.56,1078
1307,2010-05-13,162.0,166.32,152.64,162.0,667
1308,2010-05-14,151.2,162.0,148.32,155.52,454
1309,2010-05-17,148.32,154.8,144.0,146.88,508
1310,2010-05-18,147.6,153.36,144.0,144.0,212
1311,2010-05-19,144.0,144.0,133.92,134.64,988
1312,2010-05-20,129.6,136.8,127.44,129.6,761
1313,2010-05-21,123.84,136.8,123.84,128.88,361
1314,2010-05-24,128.88,138.96,126.0,129.6,252
1315,2010-05-25,126.0,128.16,118.8,122.4,456
1316,2010-05-26,123.12,125.28,118.8,118.8,555
1317,2010-05-27,125.28,142.56,120.24,124.56,1112
1318,2010-05-28,124.56,133.2,122.4,128.16,253
1319,2010-06-01,126.0,126.0,121.68,125.28,143
1320,2010-06-02,123.12,127.44,121.68,122.4,53
1321,2010-06-03,126.0,133.2,122.4,122.4,510
1322,2010-06-04,120.24,129.6,118.8,118.8,165
1323,2010-06-07,118.08,124.56,115.92,115.92,215
1324,2010-06-08,115.92,115.92,106.56,108.0,870
1325,2010-06-09,111.6,117.36,111.6,113.04,195
1326,2010-06-10,116.64,119.52,113.76,113.76,427
1327,2010-06-11,115.2,123.84,115.2,120.96,293
1328,2010-06-14,126.72,131.04,113.04,119.52,360
1329,2010-06-15,126.72,152.64,115.2,126.72,342
1330,2010-06-16,128.16,132.48,122.4,123.12,192
1331,2010-06-17,122.4,127.44,118.8,125.28,102
1332,2010-06-18,126.0,135.36,123.12,135.36,161
1333,2010-06-21,139.68,139.68,119.52,119.52,314
1334,2010-06-22,115.92,128.16,115.92,126.0,252
1335,2010-06-23,123.84,126.72,116.64,123.84,160
1336,2010-06-24,126.0,126.0,115.92,116.64,234
1337,2010-06-25,116.64,128.16,115.92,117.36,336
1338,2010-06-28,115.92,127.44,109.44,113.04,1846
1339,2010-06-29,110.88,110.88,93.6,94.32,2031
1340,2010-06-30,93.6,108.0,90.0,107.28,858
1341,2010-07-01,100.8,103.68,85.68,95.76,1999
1342,2010-07-02,91.44,97.92,90.72,94.32,81
1343,2010-07-06,97.2,106.56,96.48,105.12,471
1344,2010-07-07,102.96,110.16,101.52,109.44,361
1345,2010-07-08,105.84,113.76,104.4,111.6,324
1346,2010-07-09,102.96,110.16,102.24,107.28,104
1347,2010-07-12,112.32,123.12,109.44,119.52,345
1348,2010-07-13,124.56,124.56,118.8,121.68,134
1349,2010-07-14,119.52,126.0,113.76,117.36,278
1350,2010-07-15,113.76,117.36,108.72,113.76,82
1351,2010-07-16,110.88,120.24,108.72,115.2,53
1352,2010-07-19,124.56,124.56,105.12,105.12,180
1353,2010-07-20,107.28,113.76,105.84,110.16,86
1354,2010-07-21,109.44,110.88,103.68,103.68,186
1355,2010-07-22,108.0,114.48,102.24,103.68,553
1356,2010-07-23,120.24,120.24,103.68,108.0,378
1357,2010-07-26,109.44,120.24,108.0,110.16,288
1358,2010-07-27,119.52,119.52,108.0,117.36,143
1359,2010-07-28,119.52,125.28,115.2,123.12,596
1360,2010-07-29,110.88,123.84,105.12,123.84,1155
1361,2010-07-30,126.72,136.8,120.96,131.76,844
1362,2010-08-02,131.76,139.68,131.76,134.64,333
1363,2010-08-03,134.64,136.8,126.0,135.36,108
1364,2010-08-04,136.8,136.8,127.44,129.6,76
1365,2010-08-05,126.0,129.6,123.84,125.28,300
1366,2010-08-06,126.0,129.6,126.0,129.6,25
1367,2010-08-09,128.88,138.24,123.12,125.28,135
1368,2010-08-10,127.44,136.8,126.0,129.6,458
1369,2010-08-11,133.92,133.92,126.0,131.04,315
1370,2010-08-12,126.0,133.2,123.12,131.04,162
1371,2010-08-13,125.28,131.76,125.28,126.72,26
1372,2010-08-16,126.72,126.72,118.8,124.56,100
1373,2010-08-17,124.56,131.04,118.8,123.84,242
1374,2010-08-18,120.96,129.6,118.8,126.0,78
1375,2010-08-19,126.0,128.88,116.64,121.68,185
1376,2010-08-20,121.68,126.0,115.92,122.4,188
1377,2010-08-23,122.4,129.6,122.4,125.28,209
1378,2010-08-24,120.24,122.4,120.24,120.24,107
1379,2010-08-25,120.24,120.24,115.2,120.24,111
1380,2010-08-26,118.8,122.4,113.04,122.4,167
1381,2010-08-27,120.96,122.4,116.64,116.64,109
1382,2010-08-30,119.52,123.12,118.08,118.08,44
1383,2010-08-31,118.08,119.52,118.08,118.08,18
1384,2010-09-01,117.36,123.84,109.44,123.84,334
1385,2010-09-02,123.12,131.76,122.4,127.44,754
1386,2010-09-03,124.56,137.52,119.52,136.8,446
1387,2010-09-07,137.52,137.52,129.6,131.76,138
1388,2010-09-08,126.72,132.48,126.0,131.04,11
1389,2010-09-09,126.0,128.88,119.52,123.12,194
1390,2010-09-10,123.12,127.44,121.68,123.12,73
1391,2010-09-13,118.8,130.32,118.8,129.6,33
1392,2010-09-14,129.6,130.32,122.4,126.0,216
1393,2010-09-15,120.96,123.84,118.08,119.52,102
1394,2010-09-16,118.8,121.68,113.76,115.92,192
1395,2010-09-17,115.92,126.0,115.92,126.0,60
1396,2010-09-20,122.4,127.44,118.08,125.28,138
1397,2010-09-21,129.6,129.6,116.64,126.0,112
1398,2010-09-22,126.0,129.6,123.84,126.0,120
1399,2010-09-23,126.72,128.88,126.72,126.72,60
1400,2010-09-24,132.48,133.92,120.96,126.72,172
1401,2010-09-27,120.24,128.16,118.8,121.68,249
1402,2010-09-28,121.68,121.68,116.64,118.08,83
1403,2010-09-29,118.08,136.8,118.08,126.72,232
1404,2010-09-30,126.0,129.6,118.8,124.56,110
1405,2010-10-01,120.96,133.2,120.96,122.4,138
1406,2010-10-04,123.12,126.72,122.4,126.0,73
1407,2010-10-05,125.28,127.44,121.68,127.44,321
1408,2010-10-06,127.44,140.4,126.72,140.4,1075
1409,2010-10-07,140.4,140.4,135.36,136.8,380
1410,2010-10-08,136.08,140.4,136.08,136.8,432
1411,2010-10-11,136.08,139.68,129.6,133.2,242
1412,2010-10-12,126.72,138.24,126.72,138.24,335
1413,2010-10-13,136.8,140.4,136.8,138.24,143
1414,2010-10-14,140.4,143.28,134.64,141.12,287
1415,2010-10-15,143.28,146.88,139.68,141.84,216
1416,2010-10-18,141.12,162.0,141.12,162.0,435
1417,2010-10-19,162.0,171.36,159.12,167.76,670
1418,2010-10-20,170.64,170.64,164.88,165.6,205
1419,2010-10-21,165.6,167.04,163.44,166.32,138
1420,2010-10-22,167.76,172.08,165.6,170.64,157
1421,2010-10-25,172.08,185.04,171.36,179.28,1547
1422,2010-10-26,181.44,181.44,176.4,176.4,249
1423,2010-10-27,176.4,189.36,172.8,172.8,818
1424,2010-10-28,172.8,185.04,172.8,177.84,153
1425,2010-10-29,180.0,185.04,172.8,175.68,688
1426,2010-11-01,182.88,182.88,163.44,176.4,445
1427,2010-11-02,179.28,179.28,169.2,172.08,472
1428,2010-11-03,174.24,176.4,170.64,171.36,101
1429,2010-11-04,175.68,177.12,172.08,172.08,234
1430,2010-11-05,176.4,180.0,173.52,174.96,661
1431,2010-11-08,181.44,181.44,174.96,178.56,990
1432,2010-11-09,179.28,180.0,172.8,177.12,726
1433,2010-11-10,174.96,177.84,169.92,169.92,733
1434,2010-11-11,169.92,169.92,158.4,160.56,571
1435,2010-11-12,160.56,164.16,152.64,154.08,605
1436,2010-11-15,151.92,162.72,129.6,146.16,1415
1437,2010-11-16,143.28,148.32,141.84,144.72,730
1438,2010-11-17,145.44,151.2,141.12,145.44,423
1439,2010-11-18,149.04,159.84,149.04,151.2,601
1440,2010-11-19,149.04,164.88,139.68,151.2,829
1441,2010-11-22,148.32,150.48,137.52,144.72,235
1442,2010-11-23,141.84,151.92,140.4,151.2,165
1443,2010-11-24,149.76,154.8,144.0,154.8,261
1444,2010-11-26,155.52,158.4,150.48,156.24,20
1445,2010-11-29,143.28,155.52,143.28,149.04,270
1446,2010-11-30,147.6,155.52,145.44,147.6,620
1447,2010-12-01,146.16,150.48,146.16,148.32,200
1448,2010-12-02,149.04,150.48,144.72,144.72,192
1449,2010-12-03,145.44,154.8,145.44,151.2,229
1450,2010-12-06,148.32,154.8,144.72,145.44,238
1451,2010-12-07,144.0,146.88,141.12,143.28,485
1452,2010-12-08,142.56,143.28,138.24,140.4,144
1453,2010-12-09,138.24,140.4,131.04,131.04,1018
1454,2010-12-10,128.88,141.12,126.0,128.16,1080
1455,2010-12-13,129.6,129.6,127.44,129.6,171
1456,2010-12-14,126.72,127.44,118.08,119.52,816
1457,2010-12-15,115.2,118.8,112.32,112.32,1172
1458,2010-12-16,112.32,120.96,112.32,114.48,1111
1459,2010-12-17,121.68,121.68,113.76,118.08,170
1460,2010-12-20,115.2,118.08,108.72,113.04,598
1461,2010-12-21,111.6,116.64,108.0,111.6,908
1462,2010-12-22,110.16,114.48,108.0,111.6,527
1463,2010-12-23,114.48,118.8,110.16,113.04,1043
1464,2010-12-27,115.2,115.2,105.12,109.44,1340
1465,2010-12-28,106.56,115.2,103.68,113.76,453
1466,2010-12-29,111.6,112.32,102.24,108.72,415
1467,2010-12-30,111.6,113.04,108.72,113.04,857
1468,2010-12-31,115.2,115.2,108.0,113.04,817
1469,2011-01-03,110.88,111.6,108.0,108.72,204
1470,2011-01-04,111.6,132.48,107.28,123.84,4279
1471,2011-01-05,125.28,125.28,117.36,120.24,429
1472,2011-01-06,126.72,129.6,113.04,115.92,865
1473,2011-01-07,118.08,121.68,115.92,115.92,368
1474,2011-01-10,115.92,128.16,115.92,126.0,694
1475,2011-01-11,126.72,133.2,126.72,131.76,845
1476,2011-01-12,136.8,138.96,133.2,138.96,894
1477,2011-01-13,140.4,144.0,138.24,138.24,952
1478,2011-01-14,141.84,141.84,133.2,139.68,333
1479,2011-01-18,136.8,136.8,132.48,135.36,175
1480,2011-01-19,135.36,136.08,128.88,130.32,396
1481,2011-01-20,126.0,128.16,121.68,125.28,331
1482,2011-01-21,126.0,126.72,116.64,125.28,486
1483,2011-01-24,119.52,126.72,119.52,124.56,145
1484,2011-01-25,129.6,131.04,125.28,128.16,380
1485,2011-01-26,128.88,133.92,121.68,131.04,234
1486,2011-01-27,133.92,144.0,133.92,139.68,1550
1487,2011-01-28,141.12,141.12,130.32,136.8,263
1488,2011-01-31,135.36,173.52,134.64,163.44,3147
1489,2011-02-01,152.64,172.8,147.6,157.68,4532
1490,2011-02-02,156.96,167.76,149.76,167.76,1247
1491,2011-02-03,169.2,169.2,154.8,161.28,806
1492,2011-02-04,162.0,162.0,156.24,162.0,556
1493,2011-02-07,168.48,169.2,162.0,167.76,541
1494,2011-02-08,166.32,167.76,162.0,162.72,423
1495,2011-02-09,163.44,167.76,163.44,167.04,548
1496,2011-02-10,164.16,180.0,164.16,180.0,2874
1497,2011-02-11,181.44,190.8,169.92,177.12,1683
1498,2011-02-14,183.6,183.6,168.48,172.08,409
1499,2011-02-15,166.32,169.2,149.76,157.68,848
1500,2011-02-16,157.68,158.4,149.76,154.8,787
1501,2011-02-18,161.28,179.28,159.84,170.64,1056
1502,2011-02-22,172.08,174.96,169.2,171.36,901
1503,2011-02-23,169.2,172.8,155.52,159.84,936
1504,2011-02-24,156.24,163.44,156.24,156.96,451
1505,2011-02-25,158.4,167.76,158.4,162.72,266
1506,2011-02-28,164.16,169.2,161.28,165.6,492
1507,2011-03-01,165.6,168.48,165.6,168.48,169
1508,2011-03-02,168.48,180.0,168.48,169.92,495
1509,2011-03-03,169.92,181.44,169.2,172.08,468
1510,2011-03-04,180.0,180.0,164.16,166.32,415
1511,2011-03-07,168.48,169.2,164.16,167.04,162
1512,2011-03-08,164.88,177.12,164.88,169.92,901
1513,2011-03-09,167.04,177.84,166.32,173.52,348
1514,2011-03-10,167.04,170.64,160.56,167.76,339
1515,2011-03-11,166.32,169.92,162.0,167.76,425
1516,2011-03-14,169.92,169.92,160.56,164.88,175
1517,2011-03-15,151.92,167.76,146.88,160.56,451
1518,2011-03-16,157.68,161.28,152.64,154.08,126
1519,2011-03-17,152.64,163.44,152.64,159.12,146
1520,2011-03-18,162.0,162.0,154.8,158.4,521
1521,2011-03-21,158.4,164.88,151.92,154.08,637
1522,2011-03-22,160.56,163.44,156.96,160.56,93
1523,2011-03-23,162.72,167.04,158.4,160.56,357
1524,2011-03-24,162.0,168.48,154.8,162.0,429
1525,2011-03-25,160.56,167.04,159.84,163.44,160
1526,2011-03-28,162.0,165.6,156.96,157.68,370
1527,2011-03-29,157.68,162.0,157.68,158.4,484
1528,2011-03-30,162.72,165.6,158.4,162.72,417
1529,2011-03-31,161.28,165.6,159.84,165.6,208
1530,2011-04-01,160.56,162.0,155.52,157.68,424
1531,2011-04-04,158.4,160.56,151.92,151.92,267
1532,2011-04-05,152.64,158.4,150.48,152.64,262
1533,2011-04-06,159.12,163.44,150.48,156.96,387
1534,2011-04-07,156.24,159.84,154.8,154.8,192
1535,2011-04-08,159.84,159.84,144.72,148.32,461
1536,2011-04-11,147.6,156.96,147.6,153.36,466
1537,2011-04-12,153.36,156.24,148.32,148.32,289
1538,2011-04-13,148.32,154.8,148.32,150.48,278
1539,2011-04-14,153.36,154.08,148.32,151.92,66
1540,2011-04-15,156.24,158.4,147.6,152.64,452
1541,2011-04-18,145.44,154.8,145.44,147.6,235
1542,2011-04-19,155.52,155.52,144.0,152.64,218
1543,2011-04-20,147.6,154.8,144.72,148.32,199
1544,2011-04-21,143.28,147.6,141.12,142.56,111
1545,2011-04-25,146.88,146.88,142.56,146.16,107
1546,2011-04-26,146.88,154.8,145.44,153.36,643
1547,2011-04-27,150.48,151.2,143.28,147.6,506
1548,2011-04-28,144.0,144.0,138.96,139.68,234
1549,2011-04-29,139.68,141.84,137.52,138.24,396
1550,2011-05-02,133.92,143.28,126.72,129.6,1055
1551,2011-05-03,123.84,136.8,123.12,133.2,210
1552,2011-05-04,136.08,137.52,134.64,137.52,245
1553,2011-05-05,133.2,142.56,128.16,136.8,1011
1554,2011-05-06,141.12,141.12,133.92,138.24,117
1555,2011-05-09,137.52,142.56,129.6,133.2,124
1556,2011-05-10,135.36,138.96,134.64,138.96,109
1557,2011-05-11,138.24,141.12,136.08,136.08,36
1558,2011-05-12,136.08,146.88,136.08,144.0,1055
1559,2011-05-13,144.0,146.88,132.48,135.36,1099
1560,2011-05-16,135.36,136.08,132.48,133.2,570
1561,2011-05-17,133.2,133.2,130.32,131.76,277
1562,2011-05-18,131.76,131.76,128.88,131.04,1644
1563,2011-05-19,132.48,132.48,127.44,127.44,79
1564,2011-05-20,129.6,134.64,127.44,131.04,197
1565,2011-05-23,127.44,132.48,126.0,126.0,311
1566,2011-05-24,127.44,132.48,126.0,131.04,253
1567,2011-05-25,131.04,131.04,121.68,127.44,252
1568,2011-05-26,124.56,127.44,122.4,122.4,134
1569,2011-05-27,126.0,128.88,123.12,127.44,176
1570,2011-05-31,128.16,128.16,118.8,121.68,512
1571,2011-06-01,119.52,126.72,118.8,119.52,294
1572,2011-06-02,122.4,122.4,120.24,122.4,67
1573,2011-06-03,119.52,122.4,119.52,122.4,180
1574,2011-06-06,119.52,121.68,118.8,121.68,75
1575,2011-06-07,121.68,122.4,118.8,120.96,151
1576,2011-06-08,118.8,119.52,112.32,115.2,512
1577,2011-06-09,117.36,120.96,115.2,116.64,50
1578,2011-06-10,116.64,120.96,111.6,117.36,144
1579,2011-06-13,115.2,120.96,109.44,110.16,520
1580,2011-06-14,112.32,115.92,108.72,109.44,113
1581,2011-06-15,110.16,115.2,109.44,110.16,103
1582,2011-06-16,111.6,111.6,108.72,108.72,49
1583,2011-06-17,109.44,116.64,108.72,112.32,96
1584,2011-06-20,113.76,116.64,110.88,115.2,46
1585,2011-06-21,115.2,117.36,110.16,113.04,40
1586,2011-06-22,115.92,116.64,115.92,116.64,21
1587,2011-06-23,113.04,113.04,108.72,112.32,127
1588,2011-06-24,109.44,113.04,109.44,111.6,37
1589,2011-06-27,111.6,113.04,110.16,110.16,43
1590,2011-06-28,110.88,110.88,108.72,109.44,97
1591,2011-06-29,112.32,114.48,108.0,113.76,330
1592,2011-06-30,110.88,115.2,108.72,108.72,62
1593,2011-07-01,110.88,115.2,110.88,115.2,131
1594,2011-07-05,110.88,117.36,110.88,112.32,78
1595,2011-07-06,111.6,112.32,108.72,108.72,100
1596,2011-07-07,115.92,115.92,108.72,111.6,155
1597,2011-07-08,110.16,113.04,108.72,113.04,91
1598,2011-07-11,114.48,114.48,108.72,109.44,96
1599,2011-07-12,111.6,115.2,111.6,114.48,55
1600,2011-07-13,113.04,116.64,113.04,113.76,52
1601,2011-07-14,114.48,115.92,112.32,115.92,56
1602,2011-07-15,117.36,117.36,111.6,116.64,88
1603,2011-07-18,113.04,115.92,113.04,113.76,99
1604,2011-07-19,116.64,117.36,113.04,115.92,98
1605,2011-07-20,116.64,116.64,109.44,111.6,109
1606,2011-07-21,111.6,115.2,111.6,113.76,22
1607,2011-07-22,110.16,115.2,110.16,111.6,82
1608,2011-07-25,115.2,117.36,113.76,117.36,49
1609,2011-07-26,117.36,117.36,111.6,111.6,32
1610,2011-07-27,110.88,113.04,105.84,107.28,446
1611,2011-07-28,108.0,113.04,108.0,112.32,124
1612,2011-07-29,110.16,113.04,108.0,112.32,60
1613,2011-08-01,114.48,114.48,108.0,109.44,66
1614,2011-08-02,113.76,113.76,108.0,108.0,146
1615,2011-08-03,108.72,112.32,107.28,110.88,136
1616,2011-08-04,108.0,108.0,105.84,106.56,246
1617,2011-08-05,105.84,108.0,94.32,97.2,303
1618,2011-08-08,95.04,105.12,87.12,96.48,218
1619,2011-08-09,99.36,99.36,87.12,97.2,82
1620,2011-08-10,105.84,105.84,96.48,96.48,59
1621,2011-08-11,96.48,102.96,87.84,93.6,155
1622,2011-08-12,100.8,100.8,100.8,100.8,5
1623,2011-08-15,94.32,95.76,89.28,90.0,313
1624,2011-08-16,93.6,105.84,90.72,104.4,174
1625,2011-08-17,100.8,100.8,94.32,94.32,35
1626,2011-08-18,92.16,100.8,88.56,88.56,334
1627,2011-08-19,87.12,90.0,87.12,87.12,177
1628,2011-08-22,90.0,90.0,84.24,89.28,88
1629,2011-08-23,84.24,91.44,78.48,81.36,164
1630,2011-08-24,77.76,87.84,77.04,87.84,73
1631,2011-08-25,87.12,88.56,81.36,82.8,42
1632,2011-08-26,83.52,87.84,82.8,83.52,74
1633,2011-08-29,84.24,86.4,79.92,82.08,54
1634,2011-08-30,84.24,84.24,78.48,83.52,64
1635,2011-08-31,84.24,84.24,79.2,84.24,133
1636,2011-09-01,80.64,84.24,80.64,84.24,8
1637,2011-09-02,82.08,82.08,82.08,82.08,2
1638,2011-09-06,84.24,84.24,80.64,81.36,56
1639,2011-09-07,82.08,84.24,81.36,84.24,32
1640,2011-09-08,82.8,87.84,79.92,84.96,467
1641,2011-09-09,81.36,87.12,80.64,80.64,10
1642,2011-09-12,80.64,84.24,80.64,82.8,21
1643,2011-09-13,84.24,84.96,84.24,84.96,7
1644,2011-09-14,84.96,85.68,80.64,85.68,150
1645,2011-09-15,85.68,87.84,81.36,87.84,75
1646,2011-09-16,86.4,86.4,82.08,82.8,73
1647,2011-09-19,82.8,82.8,80.64,80.64,27
1648,2011-09-20,80.64,84.96,79.92,80.64,15
1649,2011-09-21,80.64,80.64,78.48,78.48,90
1650,2011-09-22,82.8,86.4,76.32,76.32,157
1651,2011-09-23,79.2,105.84,79.2,105.84,1772
1652,2011-09-26,104.4,105.12,92.88,98.64,199
1653,2011-09-27,97.2,105.12,89.28,95.76,372
1654,2011-09-28,88.56,103.68,88.56,92.88,82
1655,2011-09-29,100.8,102.96,87.84,90.0,188
1656,2011-09-30,92.16,95.76,82.8,91.44,79
1657,2011-10-03,87.12,87.12,86.4,86.4,267
1658,2011-10-04,85.68,92.16,85.68,87.84,89
1659,2011-10-05,79.92,85.68,79.92,84.24,20
1660,2011-10-06,80.64,87.84,80.64,87.84,70
1661,2011-10-07,81.36,87.12,80.64,87.12,33
1662,2011-10-10,90.72,92.88,81.36,88.56,46
1663,2011-10-11,97.92,97.92,82.08,87.12,37
1664,2011-10-12,91.44,91.44,91.44,91.44,3
1665,2011-10-13,84.24,84.24,82.8,82.8,107
1666,2011-10-14,84.24,93.6,84.24,88.56,101
1667,2011-10-17,91.44,91.44,87.12,90.0,27
1668,2011-10-18,86.4,92.88,86.4,87.12,163
1669,2011-10-19,90.0,93.6,84.96,84.96,218
1670,2011-10-20,84.96,92.88,84.24,84.96,10
1671,2011-10-21,92.88,92.88,87.12,90.0,80
1672,2011-10-24,82.8,85.68,78.48,79.92,477
1673,2011-10-25,82.08,85.68,79.92,85.68,154
1674,2011-10-26,85.68,87.84,79.92,80.64,23
1675,2011-10-27,85.68,88.56,81.36,81.36,117
1676,2011-10-28,87.12,87.12,82.08,82.8,174
1677,2011-10-31,81.36,87.84,81.36,87.12,317
1678,2011-11-01,90.0,90.0,82.8,86.4,43
1679,2011-11-02,90.0,90.0,86.4,86.4,21
1680,2011-11-03,90.0,90.0,87.12,89.28,27
1681,2011-11-04,88.2,89.064,87.408,87.408,28
1682,2011-11-07,84.24,87.12,84.24,86.4,90
1683,2011-11-08,83.52,84.96,83.52,84.24,67
1684,2011-11-09,89.28,89.28,83.52,87.84,142
1685,2011-11-10,83.52,87.84,83.52,84.96,50
1686,2011-11-11,84.96,87.84,83.52,87.12,71
1687,2011-11-14,83.52,89.28,83.52,87.84,163
1688,2011-11-15,89.28,92.16,84.96,88.56,396
1689,2011-11-16,87.84,90.72,82.8,85.68,151
1690,2011-11-17,87.84,90.0,82.8,89.28,161
1691,2011-11-18,92.88,93.6,84.96,92.88,61
1692,2011-11-21,92.88,93.6,92.16,92.16,7
1693,2011-11-23,87.84,95.76,84.96,87.84,50
1694,2011-11-28,91.44,98.64,87.84,87.84,137
1695,2011-11-29,92.16,94.32,87.84,87.84,22
1696,2011-11-30,95.04,95.76,84.96,84.96,117
1697,2011-12-01,84.96,89.28,82.8,82.8,165
1698,2011-12-02,87.12,87.12,74.16,77.04,391
1699,2011-12-05,75.6,79.2,72.0,72.0,319
1700,2011-12-06,72.0,78.48,70.56,75.592,307
1701,2011-12-07,72.0,75.6,70.56,72.0,309
1702,2011-12-08,70.56,78.264,66.96,69.12,111
1703,2011-12-12,74.16,74.16,72.0,73.44,47
1704,2011-12-13,74.16,74.16,69.84,73.44,39
1705,2011-12-14,69.12,74.16,65.52,72.0,58
1706,2011-12-15,74.88,76.32,68.4,73.44,297
1707,2011-12-16,65.52,71.928,65.52,71.784,140
1708,2011-12-19,66.24,68.4,63.36,64.08,449
1709,2011-12-20,64.8,66.96,64.08,64.8,247
1710,2011-12-21,61.2,66.96,61.2,61.2,167
1711,2011-12-22,59.256,69.768,59.256,69.768,51
1712,2011-12-23,61.2,69.12,61.2,66.96,211
1713,2011-12-27,63.36,65.52,59.76,61.92,352
1714,2011-12-28,59.76,64.08,59.76,59.76,282
1715,2011-12-29,58.32,61.2,58.32,58.392,244
1716,2011-12-30,59.04,61.2,56.232,58.32,547
1717,2012-01-03,61.2,64.8,61.128,64.08,95
1718,2012-01-04,58.32,64.8,58.32,64.8,16
1719,2012-01-05,64.08,64.728,62.64,64.728,13
1720,2012-01-06,64.8,64.8,59.112,64.08,36
1721,2012-01-09,62.64,64.8,58.32,62.64,120
1722,2012-01-10,61.92,65.52,61.2,65.52,75
1723,2012-01-11,65.52,66.24,61.2,61.2,158
1724,2012-01-12,61.2,61.2,58.32,59.04,360
1725,2012-01-13,59.04,65.52,58.32,58.32,151
1726,2012-01-17,59.04,63.36,59.04,63.36,148
1727,2012-01-18,59.76,64.08,59.76,60.48,190
1728,2012-01-19,61.2,61.2,57.6,60.48,236
1729,2012-01-20,58.32,59.76,56.16,56.88,431
1730,2012-01-23,55.44,57.6,55.44,56.16,106
1731,2012-01-24,55.44,61.136,54.288,56.16,368
1732,2012-01-25,56.16,57.96,54.216,56.16,453
1733,2012-01-26,57.6,59.688,55.44,57.6,679
1734,2012-01-27,58.32,60.472,57.6,57.6,172
1735,2012-01-30,54.304,61.2,54.304,61.2,30
1736,2012-01-31,56.16,59.024,55.476,59.02,13
1737,2012-02-01,59.012,59.012,58.996,58.996,3
1738,2012-02-03,55.44,59.04,54.72,59.04,38
1739,2012-02-06,55.44,59.3,54.0,59.04,55
1740,2012-02-07,60.48,60.48,56.88,60.48,11
1741,2012-02-08,60.48,60.48,56.152,60.264,316
1742,2012-02-09,56.88,59.76,54.72,55.44,175
1743,2012-02-10,55.44,57.6,54.0,55.44,74
1744,2012-02-13,55.44,55.44,54.0,54.0,20
1745,2012-02-14,54.0,55.42,54.0,54.712,172
1746,2012-02-15,55.44,59.688,54.72,59.688,129
1747,2012-02-16,56.88,59.688,56.16,56.864,79
1748,2012-02-17,56.88,59.04,56.88,56.88,51
1749,2012-02-21,54.72,58.32,54.072,56.88,127
1750,2012-02-22,56.88,57.6,56.88,57.284,29
1751,2012-02-23,54.008,57.6,54.008,57.6,61
1752,2012-02-24,57.6,57.6,55.44,55.512,373
1753,2012-02-27,55.528,56.888,55.528,56.16,62
1754,2012-02-28,57.592,57.592,55.512,56.88,49
1755,2012-02-29,56.88,56.88,56.88,56.88,25
1756,2012-03-01,55.44,56.88,51.876,54.236,508
1757,2012-03-02,54.0,56.16,52.56,54.504,117
1758,2012-03-05,54.72,56.88,54.0,56.88,57
1759,2012-03-06,56.88,56.88,54.0,54.0,92
1760,2012-03-07,54.0,56.52,54.0,56.16,100
1761,2012-03-08,54.0,54.072,51.84,54.0,69
1762,2012-03-09,50.4,54.72,49.084,53.28,54
1763,2012-03-12,53.28,54.72,48.24,51.84,118
1764,2012-03-13,48.24,51.84,48.24,51.84,219
1765,2012-03-14,47.52,53.272,47.024,48.96,76
1766,2012-03-15,44.64,50.4,43.2,43.2,122
1767,2012-03-16,48.224,51.84,46.8,51.768,224
1768,2012-03-19,50.4,55.44,50.4,54.668,379
1769,2012-03-20,56.16,56.16,54.0,55.44,196
1770,2012-03-21,49.68,53.28,49.68,49.68,31
1771,2012-03-22,49.68,49.68,46.8,48.24,68
1772,2012-03-23,48.24,52.56,48.24,52.56,147
1773,2012-03-26,52.56,52.56,50.4,50.4,65
1774,2012-03-27,51.84,52.56,48.24,48.96,60
1775,2012-03-28,48.24,52.504,48.232,51.824,114
1776,2012-03-29,51.84,56.16,50.384,56.16,206
1777,2012-03-30,54.72,56.88,54.72,56.16,391
1778,2012-04-02,55.44,57.6,55.44,57.6,195
1779,2012-04-03,57.6,60.48,57.6,59.04,108
1780,2012-04-04,60.48,68.4,56.16,64.8,2613
1781,2012-04-05,66.24,66.24,58.32,58.32,283
1782,2012-04-09,59.04,59.04,56.16,57.6,164
1783,2012-04-10,58.32,67.68,57.6,63.36,221
1784,2012-04-11,64.8,67.68,59.984,66.24,643
1785,2012-04-12,67.68,69.12,67.68,67.68,253
1786,2012-04-13,69.84,69.84,64.8,69.84,292
1787,2012-04-16,69.84,70.56,65.52,68.4,45
1788,2012-04-17,69.84,69.84,65.52,66.24,33
1789,2012-04-18,69.84,69.84,65.52,69.84,290
1790,2012-04-19,68.4,70.56,67.68,68.4,169
1791,2012-04-20,70.56,70.56,67.68,70.552,81
1792,2012-04-23,70.56,70.56,64.8,70.56,182
1793,2012-04-24,66.96,71.28,66.96,71.28,271
1794,2012-04-25,69.84,74.16,66.832,74.16,340
1795,2012-04-26,74.16,81.36,68.4,79.712,350
1796,2012-04-27,77.04,81.36,72.72,78.48,252
1797,2012-04-30,77.76,77.76,72.0,74.88,204
1798,2012-05-01,79.2,79.2,69.84,74.88,171
1799,2012-05-02,77.04,77.04,72.0,73.44,27
1800,2012-05-03,73.44,73.448,65.52,72.72,328
1801,2012-05-04,68.4,72.72,68.4,68.4,137
1802,2012-05-07,73.44,77.04,68.4,72.72,1305
1803,2012-05-08,68.4,73.44,68.4,73.44,37
1804,2012-05-09,72.72,74.88,72.72,74.88,103
1805,2012-05-10,74.16,75.6,72.72,74.88,112
1806,2012-05-11,75.6,75.6,66.96,71.28,187
1807,2012-05-14,69.12,74.16,69.12,69.12,29
1808,2012-05-15,66.96,69.84,66.96,66.96,379
1809,2012-05-16,65.808,72.72,65.808,72.72,59
1810,2012-05-17,73.44,73.44,66.96,71.28,102
1811,2012-05-18,72.712,72.712,66.24,66.24,31
1812,2012-05-21,72.0,74.16,66.96,71.28,822
1813,2012-05-22,69.12,71.28,67.104,67.104,17
1814,2012-05-23,70.56,72.0,69.12,71.992,728
1815,2012-05-24,70.56,70.56,64.8,64.8,133
1816,2012-05-25,65.52,67.624,61.2,62.64,158
1817,2012-05-29,60.48,71.28,57.608,69.84,295
1818,2012-05-30,67.68,68.4,67.68,68.392,21
1819,2012-05-31,68.4,68.4,68.084,68.084,31
1820,2012-06-01,63.36,67.624,63.36,66.24,176
1821,2012-06-04,62.64,65.9,59.76,61.2,97
1822,2012-06-05,61.2,68.256,61.2,67.456,107
1823,2012-06-06,64.8,68.112,64.8,67.68,114
1824,2012-06-07,66.96,66.96,66.96,66.96,20
1825,2012-06-08,61.92,68.4,59.048,67.68,108
1826,2012-06-11,61.92,61.92,61.92,61.92,5
1827,2012-06-12,62.64,62.64,62.64,62.64,7
1828,2012-06-13,64.08,67.608,62.64,63.808,151
1829,2012-06-14,68.392,68.392,68.392,68.392,14
1830,2012-06-15,68.4,68.4,66.96,66.96,10
1831,2012-06-18,61.92,68.4,59.04,68.4,58
1832,2012-06-19,65.52,68.364,62.568,67.68,35
1833,2012-06-20,61.92,61.92,61.184,61.2,129
1834,2012-06-21,62.64,64.08,61.92,61.92,13
1835,2012-06-22,61.92,61.92,61.2,61.92,60
1836,2012-06-25,61.92,63.36,61.92,63.36,23
1837,2012-06-26,61.2,63.36,57.6,57.6,95
1838,2012-06-27,56.88,62.64,55.44,57.6,88
1839,2012-06-29,52.56,57.6,51.84,52.56,59
1840,2012-07-02,52.56,56.872,50.4,53.516,178
1841,2012-07-03,53.28,53.28,51.12,51.12,4
1842,2012-07-06,49.68,49.68,49.672,49.68,72
1843,2012-07-09,49.68,53.28,49.68,50.4,12
1844,2012-07-10,50.4,50.4,42.624,43.92,491
1845,2012-07-11,43.2,49.68,41.76,43.92,318
1846,2012-07-12,43.2,43.2,43.164,43.164,63
1847,2012-07-13,47.52,47.52,47.52,47.52,21
1848,2012-07-16,47.52,47.52,41.76,47.52,14
1849,2012-07-17,44.324,44.64,44.324,44.64,15
1850,2012-07-18,43.92,50.4,43.2,49.68,81
1851,2012-07-24,44.704,48.96,42.48,46.412,38
1852,2012-07-25,43.92,47.512,41.056,47.512,72
1853,2012-07-27,48.96,48.96,40.5,43.2,56
1854,2012-07-30,40.392,46.412,40.392,41.76,90
1855,2012-07-31,40.516,46.8,40.516,46.08,17
1856,2012-08-01,40.508,48.232,40.32,46.08,42
1857,2012-08-02,46.08,46.8,46.08,46.8,14
1858,2012-08-06,46.08,46.088,42.48,42.48,90
1859,2012-08-07,41.04,46.08,40.904,40.904,138
1860,2012-08-08,40.32,40.32,37.44,40.32,110
1861,2012-08-09,43.2,48.24,43.2,48.24,253
1862,2012-08-10,51.12,51.12,41.776,43.2,75
1863,2012-08-13,41.768,43.328,41.236,43.328,8
1864,2012-08-14,41.04,44.604,40.32,44.604,15
1865,2012-08-15,40.32,46.036,40.32,45.36,47
1866,2012-08-16,45.36,46.792,41.04,41.076,53
1867,2012-08-17,41.76,41.76,41.76,41.76,7
1868,2012-08-21,45.36,45.36,38.16,40.32,88
1869,2012-08-22,38.16,43.2,38.16,41.04,45
1870,2012-08-23,40.32,40.32,40.32,40.32,2
1871,2012-08-24,39.6,39.6,38.16,38.16,27
1872,2012-08-27,37.433,44.62,37.433,39.6,50
1873,2012-08-28,36.965,44.64,36.965,44.64,49
1874,2012-08-29,43.92,43.92,43.92,43.92,2
1875,2012-08-30,40.32,40.32,40.32,40.32,28
1876,2012-08-31,37.109,37.116,37.109,37.116,17
1877,2012-09-04,37.44,40.32,36.0,40.32,283
1878,2012-09-05,40.32,40.32,40.32,40.32,3
1879,2012-09-06,54.72,59.04,47.592,50.344,1639
1880,2012-09-07,52.56,54.008,48.96,50.4,618
1881,2012-09-10,50.4,55.44,50.4,51.12,78
1882,2012-09-11,56.152,56.16,49.68,53.992,47
1883,2012-09-12,54.72,54.72,50.4,51.84,141
1884,2012-09-13,52.56,52.56,43.2,43.912,224
1885,2012-09-14,42.48,47.392,41.76,47.392,256
1886,2012-09-17,47.52,47.52,38.88,46.08,206
1887,2012-09-18,47.52,51.84,47.196,48.96,509
1888,2012-09-19,47.52,51.84,47.52,48.24,442
1889,2012-09-20,46.8,51.84,46.08,51.84,46
1890,2012-09-21,51.84,52.416,43.2,43.208,108
1891,2012-09-24,51.112,51.112,43.288,46.08,76
1892,2012-09-25,49.672,49.672,47.52,48.232,146
1893,2012-09-26,48.24,51.12,41.012,41.12,48
1894,2012-09-27,39.6,46.792,39.6,46.792,92
1895,2012-09-28,44.64,44.64,40.32,44.632,112
1896,2012-10-01,46.072,46.792,44.64,44.64,114
1897,2012-10-02,46.08,46.08,39.708,41.76,90
1898,2012-10-03,39.6,45.964,39.6,45.964,22
1899,2012-10-04,43.2,43.2,43.2,43.2,7
1900,2012-10-05,39.6,41.76,39.6,41.76,119
1901,2012-10-08,43.992,43.992,38.34,40.976,83
1902,2012-10-09,38.88,46.08,38.88,46.08,155
1903,2012-10-10,46.08,46.08,39.888,39.94,67
1904,2012-10-11,46.072,46.8,41.048,46.8,58
1905,2012-10-15,40.408,45.944,40.328,45.944,31
1906,2012-10-16,40.336,46.072,40.336,45.36,5
1907,2012-10-17,43.192,46.072,41.76,46.072,33
1908,2012-10-19,43.2,43.2,42.472,42.472,172
1909,2012-10-22,39.6,44.388,38.88,40.32,67
1910,2012-10-23,38.88,43.92,37.454,37.663,92
1911,2012-10-24,38.88,38.88,38.88,38.88,2
1912,2012-10-26,38.88,41.76,38.88,41.76,15
1913,2012-10-31,41.76,41.76,39.204,39.6,147
1914,2012-11-01,39.24,39.24,37.62,38.824,311
1915,2012-11-02,37.44,41.636,37.44,38.16,647
1916,2012-11-05,36.72,42.48,36.72,41.04,35
1917,2012-11-06,38.16,38.88,38.16,38.88,100
1918,2012-11-07,36.007,36.072,36.007,36.072,55
1919,2012-11-08,36.151,36.151,36.151,36.151,2
1920,2012-11-09,39.584,39.584,39.584,39.584,3
1921,2012-11-12,36.0,36.0,36.0,36.0,96
1922,2012-11-13,35.64,37.498,35.64,37.498,95
1923,2012-11-14,38.16,38.88,35.28,35.28,269
1924,2012-11-15,35.28,35.28,35.28,35.28,29
1925,2012-11-16,33.84,37.44,33.12,36.0,271
1926,2012-11-19,32.4,36.72,32.4,36.72,122
1927,2012-11-21,35.28,35.28,32.4,32.4,15
1928,2012-11-23,33.84,33.84,33.84,33.84,94
1929,2012-11-26,32.407,34.56,32.407,32.832,17
1930,2012-11-27,35.28,38.412,32.4,32.4,548
1931,2012-11-28,37.44,37.44,32.4,36.612,103
1932,2012-11-29,38.152,38.16,31.68,36.864,103
1933,2012-11-30,35.28,35.892,31.68,31.752,188
1934,2012-12-03,30.96,37.44,30.96,34.56,15
1935,2012-12-04,36.0,36.641,30.506,32.22,296
1936,2012-12-05,33.48,36.0,30.348,33.84,89
1937,2012-12-06,33.84,38.872,33.84,38.872,117
1938,2012-12-07,36.72,36.72,30.96,33.84,208
1939,2012-12-10,36.0,36.0,27.72,31.32,1091
1940,2012-12-11,31.687,34.452,28.8,33.84,370
1941,2012-12-12,30.24,30.24,28.944,28.944,450
1942,2012-12-13,29.52,38.16,28.93,29.52,634
1943,2012-12-14,29.578,30.96,29.549,30.96,56
1944,2012-12-17,30.211,30.211,27.734,28.8,920
1945,2012-12-18,28.08,31.68,26.287,31.68,932
1946,2012-12-19,29.52,30.24,28.8,29.52,1057
1947,2012-12-20,28.8,31.68,28.08,28.08,1335
1948,2012-12-21,25.308,28.786,25.308,26.64,67
1949,2012-12-24,25.92,29.52,25.2,26.647,562
1950,2012-12-26,25.92,25.92,24.48,25.56,799
1951,2012-12-27,24.48,25.92,23.04,25.92,322
1952,2012-12-28,23.832,27.36,23.796,23.796,226
1953,2012-12-31,23.796,24.487,21.6,23.76,997
1954,2013-01-02,27.353,30.24,27.0,30.031,240
1955,2013-01-03,30.24,31.68,28.8,31.68,243
1956,2013-01-04,31.68,33.48,26.489,32.4,104
1957,2013-01-07,32.249,32.249,27.965,28.793,169
1958,2013-01-08,30.96,30.96,28.08,30.665,36
1959,2013-01-09,30.96,30.96,27.792,30.715,75
1960,2013-01-10,26.64,28.8,25.992,27.367,186
1961,2013-01-11,28.8,30.168,27.367,30.168,400
1962,2013-01-14,27.086,30.866,26.64,26.712,52
1963,2013-01-15,25.618,28.08,25.618,28.08,64
1964,2013-01-16,30.24,32.328,26.107,26.712,314
1965,2013-01-17,25.92,28.8,25.92,28.8,63
1966,2013-01-18,28.08,28.08,27.36,27.85,28
1967,2013-01-22,28.8,28.8,26.64,28.8,85
1968,2013-01-23,25.985,27.979,25.92,27.979,11
1969,2013-01-24,25.978,32.314,25.92,32.314,153
1970,2013-01-25,27.367,32.306,26.352,28.8,554
1971,2013-01-28,27.36,28.8,27.36,28.8,250
1972,2013-01-29,26.647,30.96,26.352,27.446,128
1973,2013-01-30,30.528,30.96,27.072,30.24,241
1974,2013-01-31,30.24,32.4,30.24,30.24,39
1975,2013-02-01,30.24,31.536,25.92,25.92,385
1976,2013-02-04,25.92,25.934,23.04,23.76,550
1977,2013-02-05,23.04,25.812,23.04,23.76,326
1978,2013-02-06,22.32,25.164,21.096,23.04,489
1979,2013-02-07,20.88,23.033,19.44,22.32,753
1980,2013-02-08,22.32,24.768,18.72,24.408,929
1981,2013-02-11,23.76,24.473,19.944,23.04,200
1982,2013-02-12,23.04,23.04,19.44,22.32,180
1983,2013-02-13,21.6,22.824,20.16,22.19,307
1984,2013-02-14,22.291,24.473,21.6,24.408,138
1985,2013-02-15,20.16,24.264,20.16,20.52,201
1986,2013-02-19,25.92,25.92,22.32,24.48,592
1987,2013-02-20,24.48,24.48,21.6,21.6,298
1988,2013-02-21,22.32,24.473,21.6,24.466,46
1989,2013-02-22,27.36,27.36,20.88,26.64,456
1990,2013-02-25,27.36,27.36,22.32,25.2,81
1991,2013-02-26,26.64,27.36,21.96,22.32,149
1992,2013-02-27,23.04,27.288,23.04,27.288,194
1993,2013-02-28,24.487,27.288,23.774,27.281,110
1994,2013-03-01,25.992,27.281,22.32,23.76,209
1995,2013-03-04,23.04,23.184,23.04,23.184,18
1996,2013-03-05,21.816,26.482,21.24,21.6,707
1997,2013-03-06,23.602,23.602,20.88,21.6,27
1998,2013-03-07,20.887,22.486,20.16,20.88,776
1999,2013-03-08,20.16,22.147,18.799,21.802,557
2000,2013-03-11,21.816,21.816,18.72,19.08,202
2001,2013-03-12,21.809,23.04,19.44,21.593,645
2002,2013-03-13,21.6,21.6,19.44,21.6,142
2003,2013-03-14,23.033,23.033,20.88,20.88,135
2004,2013-03-15,21.6,21.6,19.404,21.6,210
2005,2013-03-18,15.121,26.64,15.121,24.959,6592
2006,2013-03-19,25.2,25.2,20.4,21.36,1065
2007,2013-03-20,21.12,25.8,19.92,22.8,3308
2008,2013-03-21,23.64,28.8,21.24,22.44,1574
2009,2013-03-22,21.721,24.0,21.721,24.0,187
2010,2013-03-25,23.16,25.199,22.44,24.601,594
2011,2013-03-26,24.84,27.84,24.84,27.24,438
2012,2013-03-27,25.92,28.8,24.672,28.8,800
2013,2013-03-28,29.04,29.04,25.2,28.319,695
2014,2013-04-01,28.68,28.68,26.16,26.16,276
2015,2013-04-02,26.28,27.96,24.27,27.96,268
2016,2013-04-03,27.6,27.6,24.24,24.48,683
2017,2013-04-04,24.48,26.88,24.0,24.84,159
2018,2013-04-05,24.0,29.28,24.0,29.28,1412
2019,2013-04-08,29.28,29.28,25.44,28.8,399
2020,2013-04-09,26.965,28.789,26.64,26.76,204
2021,2013-04-10,24.96,27.479,24.96,27.36,553
2022,2013-04-11,26.04,27.36,25.8,26.952,421
2023,2013-04-12,27.463,27.6,26.472,27.6,2097
2024,2013-04-15,28.32,28.32,25.56,25.56,478
2025,2013-04-16,27.259,27.259,26.16,27.259,17
2026,2013-04-17,25.8,26.736,25.2,25.2,153
2027,2013-04-18,24.48,27.24,24.24,27.058,441
2028,2013-04-19,27.0,27.12,26.76,26.88,296
2029,2013-04-22,27.12,27.48,25.608,27.12,110
2030,2013-04-23,25.8,27.0,25.8,27.0,119
2031,2013-04-25,25.92,27.479,25.8,27.24,392
2032,2013-04-26,25.56,27.359,25.56,27.12,206
2033,2013-04-30,25.2,26.88,25.08,25.08,137
2034,2013-05-01,24.96,26.879,24.6,26.76,1825
2035,2013-05-02,25.2,25.212,24.744,24.744,58
2036,2013-05-03,26.7,26.7,24.72,25.8,67
2037,2013-05-06,25.08,26.76,24.96,26.52,466
2038,2013-05-07,26.28,26.28,25.56,26.28,580
2039,2013-05-08,25.68,26.4,25.44,26.369,302
2040,2013-05-09,25.68,38.4,25.68,36.397,4370
2041,2013-05-10,36.96,67.2,36.96,51.312,46497
2042,2013-05-13,52.08,55.56,46.68,50.88,11625
2043,2013-05-14,50.04,51.36,48.0,49.56,4211
2044,2013-05-15,48.6,51.24,45.6,46.32,4242
2045,2013-05-16,45.6,46.92,43.68,43.92,3772
2046,2013-05-17,44.88,46.56,42.24,42.452,2612
2047,2013-05-20,41.52,42.828,38.808,40.8,2429
2048,2013-05-21,41.16,42.12,38.4,40.8,3046
2049,2013-05-22,40.2,41.04,38.7,40.56,824
2050,2013-05-23,39.84,41.4,39.84,41.4,516
2051,2013-05-24,42.12,54.6,42.12,49.2,6740
2052,2013-05-28,48.36,57.36,48.36,52.8,8977
2053,2013-05-29,53.28,53.28,48.24,52.08,1501
2054,2013-05-30,50.88,53.28,48.84,50.4,1506
2055,2013-05-31,50.28,52.32,49.08,51.84,1259
2056,2013-06-03,49.32,50.76,49.2,49.92,482
2057,2013-06-04,49.92,50.4,48.96,49.632,989
2058,2013-06-05,50.4,50.4,45.24,47.88,2247
2059,2013-06-06,48.48,48.948,46.324,47.04,256
2060,2013-06-07,48.96,48.96,43.92,44.4,2186
2061,2013-06-10,45.48,49.08,43.2,45.72,3681
2062,2013-06-11,47.28,47.588,45.72,46.248,715
2063,2013-06-12,46.2,48.48,45.24,46.968,728
2064,2013-06-13,46.32,57.0,46.32,48.36,5316
2065,2013-06-14,50.7,52.32,45.6,49.8,4674
2066,2013-06-17,53.88,56.64,49.2,51.0,6838
2067,2013-06-18,49.92,52.56,48.0,48.96,4995
2068,2013-06-19,49.92,49.92,46.2,48.0,2619
2069,2013-06-20,46.44,48.48,46.32,46.992,1011
2070,2013-06-21,47.4,47.52,46.8,46.8,393
2071,2013-06-24,47.76,47.76,44.856,45.0,1559
2072,2013-06-25,44.88,47.88,43.68,44.04,659
2073,2013-06-26,43.8,45.48,43.8,45.0,835
2074,2013-06-27,48.48,48.6,46.184,46.68,1840
2075,2013-06-28,46.32,47.4,44.4,44.4,2395
2076,2013-07-01,44.58,47.76,44.58,46.68,572
2077,2013-07-02,47.952,47.952,45.6,46.8,458
2078,2013-07-03,45.0,48.392,45.0,46.8,124
2079,2013-07-05,46.8,46.8,45.12,46.148,215
2080,2013-07-08,45.792,46.44,45.0,45.12,436
2081,2013-07-09,45.0,47.16,43.8,45.0,839
2082,2013-07-10,44.76,45.6,43.68,44.16,1474
2083,2013-07-11,46.2,51.6,43.56,50.28,4644
2084,2013-07-12,51.48,51.6,48.6,51.36,2745
2085,2013-07-15,51.6,59.28,51.572,57.36,6308
2086,2013-07-16,59.28,74.28,58.44,66.0,38364
2087,2013-07-17,62.16,65.76,58.68,62.64,14222
2088,2013-07-18,62.16,63.6,60.12,62.04,4234
2089,2013-07-19,60.84,62.52,54.84,56.4,3106
2090,2013-07-22,55.92,55.92,50.64,52.56,3916
2091,2013-07-23,52.08,52.8,50.4,50.4,3307
2092,2013-07-24,50.4,52.2,48.48,50.868,1385
2093,2013-07-25,50.04,58.068,49.32,55.44,3602
2094,2013-07-26,55.2,56.64,54.0,56.4,2318
2095,2013-07-29,56.4,56.4,34.56,37.32,36968
2096,2013-07-30,37.32,42.36,35.76,36.72,7166
2097,2013-07-31,36.6,41.04,35.04,36.84,18892
2098,2013-08-01,38.16,39.24,35.52,37.2,4207
2099,2013-08-02,36.84,37.08,35.4,35.808,4449
2100,2013-08-05,36.48,36.959,35.28,35.88,2002
2101,2013-08-06,36.599,36.599,33.12,34.68,3466
2102,2013-08-07,33.0,34.679,31.2,34.2,1589
2103,2013-08-08,33.48,35.52,31.038,32.88,1257
2104,2013-08-09,32.04,32.28,30.0,31.2,3536
2105,2013-08-12,29.438,30.839,28.8,28.8,2107
2106,2013-08-13,28.56,28.68,26.652,27.6,1384
2107,2013-08-14,26.88,38.4,26.88,33.24,15492
2108,2013-08-15,34.08,36.359,33.0,33.014,7604
2109,2013-08-16,33.96,40.44,27.6,35.76,22251
2110,2013-08-19,35.76,37.2,34.2,36.48,2559
2111,2013-08-20,36.36,36.36,34.32,35.04,1036
2112,2013-08-21,35.88,35.999,34.32,34.56,1617
2113,2013-08-22,34.68,36.0,34.56,35.76,738
2114,2013-08-23,35.88,35.88,34.32,34.68,1133
2115,2013-08-26,35.748,35.748,34.2,34.212,1017
2116,2013-08-27,35.395,35.395,33.6,34.656,843
2117,2013-08-28,35.28,35.4,34.692,34.92,764
2118,2013-08-29,34.525,35.399,33.6,33.84,1653
2119,2013-08-30,34.44,34.559,33.276,34.44,117
2120,2013-09-03,33.12,34.68,33.12,34.56,1267
2121,2013-09-04,34.68,35.4,33.24,33.24,2026
2122,2013-09-05,33.96,34.44,33.6,33.6,881
2123,2013-09-06,34.439,34.559,33.72,33.744,579
2124,2013-09-09,35.081,35.081,33.12,33.48,798
2125,2013-09-10,33.6,40.8,33.362,37.68,8035
2126,2013-09-11,38.76,38.76,34.561,34.807,2342
2127,2013-09-12,35.52,37.2,35.16,36.839,1204
2128,2013-09-13,37.2,38.4,36.0,37.92,1604
2129,2013-09-16,36.84,38.16,36.84,37.68,718
2130,2013-09-17,36.852,37.32,33.732,33.96,2769
2131,2013-09-18,37.079,37.08,33.78,34.2,2870
2132,2013-09-19,36.36,36.84,33.6,36.0,3630
2133,2013-09-20,35.4,36.36,34.44,35.04,552
2134,2013-09-23,36.599,36.6,35.352,36.6,611
2135,2013-09-24,36.0,36.48,34.2,34.92,675
2136,2013-09-25,33.6,35.28,33.24,33.96,958
2137,2013-09-26,33.24,35.4,33.12,34.8,392
2138,2013-09-27,34.32,35.76,34.32,35.64,383
2139,2013-09-30,33.48,34.2,33.12,33.24,1343
2140,2013-10-01,32.28,32.76,29.172,30.48,2495
2141,2013-10-02,32.88,32.88,29.4,30.48,825
2142,2013-10-03,32.64,32.64,30.12,30.24,1442
2143,2013-10-04,30.36,31.2,30.24,30.48,1100
2144,2013-10-07,30.24,31.08,30.0,30.48,458
2145,2013-10-08,30.24,31.2,28.8,30.12,1150
2146,2013-10-09,30.12,30.96,28.92,28.92,325
2147,2013-10-10,29.388,29.759,28.2,28.56,2671
2148,2013-10-11,29.52,29.52,28.8,29.4,493
2149,2013-10-14,28.44,29.52,28.44,29.16,291
2150,2013-10-15,28.68,29.52,27.72,27.84,625
2151,2013-10-16,27.72,29.64,27.72,29.16,705
2152,2013-10-17,28.44,28.8,27.96,28.2,1467
2153,2013-10-18,28.08,28.8,27.84,28.68,367
2154,2013-10-21,27.72,29.28,27.72,29.28,1192
2155,2013-10-22,28.32,29.64,28.08,29.4,442
2156,2013-10-23,28.92,29.52,27.36,28.92,1183
2157,2013-10-24,28.92,29.16,28.8,28.8,383
2158,2013-10-25,28.44,29.28,27.6,29.28,758
2159,2013-10-28,28.56,29.4,28.56,29.16,400
2160,2013-10-29,28.8,29.16,27.6,27.96,1500
2161,2013-10-30,28.08,29.16,27.84,29.16,750
2162,2013-10-31,29.16,29.28,28.92,29.28,283
2163,2013-11-04,28.56,29.28,28.2,28.8,283
2164,2013-11-05,28.768,29.28,28.768,29.28,125
2165,2013-11-06,28.44,28.44,28.44,28.44,17
2166,2013-11-07,28.2,29.16,28.2,28.68,467
2167,2013-11-08,28.2,33.0,28.2,28.44,9208
2168,2013-11-11,28.32,30.36,27.245,29.4,6494
2169,2013-11-12,29.16,32.4,26.52,28.2,1863
2170,2013-11-13,27.72,28.2,26.4,26.4,866
2171,2013-11-14,27.36,27.36,26.4,27.36,1133
2172,2013-11-15,27.24,27.24,26.4,27.24,383
2173,2013-11-18,26.52,29.16,26.16,28.08,3250
2174,2013-11-19,28.68,29.04,26.64,28.32,295
2175,2013-11-20,28.92,28.92,28.92,28.92,33
2176,2013-11-21,28.92,28.92,27.24,28.56,108
2177,2013-11-22,27.24,28.2,25.92,28.2,1917
2178,2013-11-25,26.76,28.32,25.92,27.6,1033
2179,2013-11-26,27.6,28.32,27.48,27.6,75
2180,2013-11-27,27.6,28.2,26.52,28.2,500
2181,2013-11-29,28.2,29.52,27.0,29.51,4884
2182,2013-12-02,29.16,30.0,27.72,28.8,3558
2183,2013-12-03,27.96,30.0,27.96,29.76,1958
2184,2013-12-04,29.76,44.76,29.76,41.76,90842
2185,2013-12-05,40.8,42.548,37.2,38.16,30801
2186,2013-12-06,39.48,40.8,38.52,39.6,7608
2187,2013-12-09,40.08,40.08,37.44,39.84,6317
2188,2013-12-10,38.4,39.0,32.4,34.68,10317
2189,2013-12-11,35.4,37.2,35.4,37.08,3467
2190,2013-12-12,36.24,38.04,35.4,36.96,3708
2191,2013-12-13,36.96,36.96,34.92,36.12,975
2192,2013-12-16,36.84,37.2,34.44,35.52,7792
2193,2013-12-17,36.24,37.2,33.96,36.6,6058
2194,2013-12-18,34.8,36.0,33.6,34.68,5708
2195,2013-12-19,32.64,33.6,32.4,33.0,2733
2196,2013-12-20,33.0,34.32,32.52,33.72,3692
2197,2013-12-23,34.2,34.56,33.0,34.08,783
2198,2013-12-24,33.6,34.32,33.24,34.08,1219
2199,2013-12-26,34.44,34.44,32.88,33.36,5417
2200,2013-12-27,33.84,33.84,33.24,33.6,1042
2201,2013-12-30,33.72,33.84,33.36,33.36,725
2202,2013-12-31,33.36,33.72,30.96,31.2,4692
2203,2014-01-02,31.92,33.6,31.68,32.401,2835
2204,2014-01-03,32.202,33.24,32.202,33.24,830
2205,2014-01-06,33.12,33.36,31.08,31.32,2733
2206,2014-01-07,32.52,32.52,31.2,31.44,2258
2207,2014-01-08,34.56,45.0,34.32,39.36,73575
2208,2014-01-09,38.52,40.2,35.76,36.36,10317
2209,2014-01-10,36.0,38.4,36.0,36.96,3317
2210,2014-01-13,36.0,37.68,35.04,35.76,3275
2211,2014-01-14,35.28,35.88,34.92,35.64,2342
2212,2014-01-15,34.68,35.64,33.84,34.56,4344
2213,2014-01-16,36.72,40.2,35.395,35.88,9908
2214,2014-01-17,36.0,37.44,35.16,35.16,4525
2215,2014-01-21,34.8,34.92,33.48,34.92,3925
2216,2014-01-22,34.44,34.68,33.6,34.68,2383
2217,2014-01-23,34.8,35.76,34.2,34.8,2200
2218,2014-01-24,34.2,34.44,33.0,33.36,2577
2219,2014-01-27,33.48,33.48,28.92,29.52,10692
2220,2014-01-28,29.52,32.28,28.92,29.04,8138
2221,2014-01-29,29.04,29.88,29.04,29.52,1233
2222,2014-01-30,29.4,30.0,29.04,30.0,842
2223,2014-01-31,29.76,30.72,28.998,30.48,2514
2224,2014-02-03,30.36,31.079,29.76,30.12,2095
2225,2014-02-04,30.0,31.8,29.04,31.32,1996
2226,2014-02-05,31.079,31.68,31.079,31.44,965
2227,2014-02-06,31.906,32.371,30.36,30.708,842
2228,2014-02-07,30.6,31.2,30.12,30.36,1401
2229,2014-02-10,30.0,31.2,30.0,31.2,746
2230,2014-02-11,30.72,32.04,30.6,31.2,771
2231,2014-02-12,31.2,31.812,31.2,31.2,2981
2232,2014-02-13,30.252,31.08,30.252,30.48,487
2233,2014-02-14,31.31,31.31,29.88,30.359,525
2234,2014-02-18,30.24,30.84,29.401,30.48,2098
2235,2014-02-19,30.547,31.308,30.48,30.6,1242
2236,2014-02-20,29.892,30.959,29.892,30.839,734
2237,2014-02-21,30.6,33.48,29.76,32.88,2296
2238,2014-02-24,31.56,34.8,31.56,33.72,3561
2239,2014-02-25,34.698,34.698,32.161,33.72,826
2240,2014-02-26,32.28,32.639,32.268,32.28,251
2241,2014-02-27,32.88,32.942,31.8,32.4,1000
2242,2014-02-28,32.76,32.88,31.8,32.76,766
2243,2014-03-03,32.76,32.76,32.4,32.544,812
2244,2014-03-04,32.88,33.6,32.76,32.76,828
2245,2014-03-05,33.6,47.28,33.6,42.0,59242
2246,2014-03-06,42.24,46.56,39.12,44.28,18825
2247,2014-03-07,44.4,45.0,42.72,43.44,5559
2248,2014-03-10,43.56,43.94,40.32,42.48,2595
2249,2014-03-11,46.56,61.44,46.248,51.6,40284
2250,2014-03-12,52.08,52.2,49.2,50.76,3769
2251,2014-03-13,49.56,51.18,45.6,47.16,10961
2252,2014-03-14,46.2,46.68,45.12,46.2,3827
2253,2014-03-17,48.36,49.08,47.04,47.88,6049
2254,2014-03-18,48.6,65.16,47.88,51.12,55657
2255,2014-03-19,52.8,57.84,52.8,55.2,12844
2256,2014-03-20,54.48,57.36,54.0,55.92,7070
2257,2014-03-21,51.36,51.6,45.0,46.68,22997
2258,2014-03-24,42.012,43.8,39.0,39.6,21046
2259,2014-03-25,40.2,41.28,39.012,39.36,6300
2260,2014-03-26,39.36,39.6,36.0,36.24,15258
2261,2014-03-27,36.6,37.319,36.012,36.72,1752
2262,2014-03-28,36.72,39.12,36.48,36.72,3039
2263,2014-03-31,36.6,37.2,36.12,36.96,2201
2264,2014-04-01,37.68,38.28,36.84,37.92,2419
2265,2014-04-02,39.0,42.12,36.12,39.0,12030
2266,2014-04-03,37.68,38.52,35.04,35.52,14015
2267,2014-04-04,35.76,36.12,33.24,33.6,7229
2268,2014-04-07,33.36,34.92,32.76,33.0,2325
2269,2014-04-08,33.6,34.14,32.52,33.72,3779
2270,2014-04-09,34.2,34.92,33.72,34.44,3181
2271,2014-04-10,35.519,35.519,33.72,34.08,1601
2272,2014-04-11,33.72,34.08,31.692,32.16,4833
2273,2014-04-14,31.801,33.0,30.121,30.36,2790
2274,2014-04-15,31.8,31.919,28.92,29.88,4967
2275,2014-04-16,29.892,32.855,29.4,31.2,2672
2276,2014-04-17,32.04,32.868,30.6,31.2,3025
2277,2014-04-21,31.32,34.032,31.2,32.64,3550
2278,2014-04-22,34.428,34.428,32.88,33.84,2349
2279,2014-04-23,32.16,34.2,32.16,33.6,563
2280,2014-04-24,34.14,36.0,33.601,34.2,3807
2281,2014-04-25,34.68,34.68,33.36,33.84,1805
2282,2014-04-28,33.24,35.759,32.035,32.04,1903
2283,2014-04-29,33.6,34.32,31.8,32.4,2081
2284,2014-04-30,31.92,32.639,31.8,32.28,700
2285,2014-05-01,32.88,33.0,31.8,32.04,648
2286,2014-05-02,32.041,32.64,32.04,32.46,703
2287,2014-05-05,31.92,32.4,31.446,31.8,1338
2288,2014-05-06,31.68,32.4,31.32,31.44,1225
2289,2014-05-07,32.97,32.97,31.44,32.646,201
2290,2014-05-08,32.16,32.519,31.2,31.56,1165
2291,2014-05-09,31.44,32.16,31.321,31.92,459
2292,2014-05-12,31.56,32.039,30.0,30.66,1752
2293,2014-05-13,30.241,31.2,30.241,30.84,646
2294,2014-05-14,31.2,31.321,31.2,31.2,501
2295,2014-05-15,31.2,31.32,30.24,31.2,1366
2296,2014-05-16,31.2,31.2,30.241,30.959,2050
2297,2014-05-19,30.24,31.8,30.24,30.36,511
2298,2014-05-20,30.96,31.908,30.96,31.321,1091
2299,2014-05-21,31.8,31.8,30.72,30.96,679
2300,2014-05-22,31.44,31.8,31.08,31.68,870
2301,2014-05-23,31.2,32.4,30.6,32.28,1014
2302,2014-05-27,31.56,33.0,31.56,32.88,1531
2303,2014-05-28,33.6,33.6,32.52,33.36,1128
2304,2014-05-29,33.6,33.6,31.68,31.8,1416
2305,2014-05-30,32.64,32.64,31.2,31.8,788
2306,2014-06-02,31.8,32.52,30.84,31.8,1688
2307,2014-06-03,32.76,32.88,31.397,32.396,629
2308,2014-06-04,31.8,32.88,31.56,32.04,155
2309,2014-06-05,32.64,33.0,31.32,31.44,960
2310,2014-06-06,31.32,32.388,31.32,32.16,86
2311,2014-06-09,32.16,33.0,30.84,31.2,2050
2312,2014-06-10,31.2,32.52,30.72,31.8,483
2313,2014-06-11,32.16,32.16,30.72,31.32,1104
2314,2014-06-12,31.08,33.24,31.08,32.76,1190
2315,2014-06-13,32.04,33.0,31.56,32.04,1305
2316,2014-06-16,32.04,33.6,30.48,31.92,4109
2317,2014-06-17,32.16,32.52,30.96,32.039,2189
2318,2014-06-18,31.68,32.279,31.2,31.8,627
2319,2014-06-19,32.759,32.76,31.332,31.44,935
2320,2014-06-20,32.28,32.28,31.32,32.04,570
2321,2014-06-23,32.28,32.52,31.08,31.92,1099
2322,2014-06-24,32.64,33.36,30.84,32.58,2178
2323,2014-06-25,32.76,33.36,31.56,33.0,1297
2324,2014-06-26,33.24,33.84,33.001,33.72,1091
2325,2014-06-27,33.6,34.201,33.0,33.828,1466
2326,2014-06-30,33.84,34.68,32.88,34.44,1544
2327,2014-07-01,34.92,36.48,34.8,36.24,2801
2328,2014-07-02,36.48,36.96,35.04,35.64,2183
2329,2014-07-03,36.24,37.08,35.161,36.636,812
2330,2014-07-07,36.12,37.44,35.041,35.4,1162
2331,2014-07-08,35.88,37.08,33.0,34.92,3115
2332,2014-07-09,35.28,35.4,33.84,35.112,882
2333,2014-07-10,34.8,35.4,33.0,33.96,2567
2334,2014-07-11,33.84,35.16,33.72,35.16,862
2335,2014-07-14,34.8,36.72,33.6,35.64,5451
2336,2014-07-15,35.64,36.72,34.44,35.28,2228
2337,2014-07-16,35.88,35.88,34.08,34.68,1728
2338,2014-07-17,35.16,35.28,32.52,34.26,4578
2339,2014-07-18,33.24,35.28,32.761,34.32,445
2340,2014-07-21,34.8,34.8,33.0,33.0,233
2341,2014-07-22,32.88,34.8,31.8,33.0,6577
2342,2014-07-23,32.88,34.2,31.8,33.0,14590
2343,2014-07-24,33.6,35.04,31.68,31.8,3646
2344,2014-07-25,33.6,34.56,30.24,30.6,10050
2345,2014-07-28,31.08,31.2,30.48,30.48,880
2346,2014-07-29,30.48,31.2,28.56,29.28,13655
2347,2014-07-30,28.92,37.44,28.92,35.28,21289
2348,2014-07-31,35.28,38.28,33.601,36.36,11725
2349,2014-08-01,36.36,38.4,36.12,37.08,6066
2350,2014-08-04,37.8,43.68,36.12,42.72,26511
2351,2014-08-05,40.68,46.068,38.28,39.84,25082
2352,2014-08-06,38.4,42.96,36.96,40.32,10340
2353,2014-08-07,40.68,40.8,37.8,38.28,4547
2354,2014-08-08,38.76,40.2,36.72,39.0,5086
2355,2014-08-11,38.28,39.684,37.081,37.56,2296
2356,2014-08-12,36.96,37.559,36.241,37.559,2733
2357,2014-08-13,36.96,39.216,36.72,36.84,2128
2358,2014-08-14,37.08,39.636,37.079,37.679,1831
2359,2014-08-15,37.2,38.04,37.2,38.04,278
2360,2014-08-18,38.4,38.52,37.44,38.16,1481
2361,2014-08-19,37.56,37.56,36.0,36.601,3518
2362,2014-08-20,36.6,37.2,36.121,36.72,1405
2363,2014-08-21,36.24,37.68,36.24,37.2,920
2364,2014-08-22,35.52,37.08,35.28,36.72,2812
2365,2014-08-25,35.52,37.8,35.28,36.72,1287
2366,2014-08-26,35.88,36.96,35.04,36.84,580
2367,2014-08-27,36.84,37.2,33.324,34.799,2992
2368,2014-08-28,34.201,36.119,34.201,34.68,913
2369,2014-08-29,35.04,35.04,33.48,33.48,656
2370,2014-09-02,34.068,35.399,33.48,34.32,1642
2371,2014-09-03,34.8,34.919,33.12,33.48,1927
2372,2014-09-04,33.12,34.079,32.4,32.88,2108
2373,2014-09-05,32.76,32.88,32.52,32.52,653
2374,2014-09-08,32.4,33.6,31.8,33.6,2047
2375,2014-09-09,33.96,33.96,31.68,32.28,1496
2376,2014-09-10,33.359,33.359,30.48,31.32,1981
2377,2014-09-11,29.76,31.68,27.72,30.84,6937
2378,2014-09-12,29.16,32.16,29.16,30.48,1139
2379,2014-09-15,30.72,30.72,28.56,28.8,2520
2380,2014-09-16,28.32,28.92,27.72,27.72,3028
2381,2014-09-17,28.2,28.2,26.64,27.96,2389
2382,2014-09-18,27.36,29.4,27.12,28.44,643
2383,2014-09-19,27.96,28.823,26.76,27.72,1013
2384,2014-09-22,27.24,27.24,26.4,26.4,1263
2385,2014-09-23,26.4,28.32,26.4,28.2,772
2386,2014-09-24,27.0,30.0,26.52,29.16,3592
2387,2014-09-25,29.04,30.35,29.04,29.52,309
2388,2014-09-26,30.382,30.382,28.92,30.359,519
2389,2014-09-29,29.64,29.88,28.92,29.76,293
2390,2014-09-30,30.24,30.48,29.64,30.0,687
2391,2014-10-01,29.88,30.48,28.32,29.52,977
2392,2014-10-02,28.2,30.36,28.2,30.0,481
2393,2014-10-03,28.536,29.759,27.96,29.759,1194
2394,2014-10-06,28.081,29.039,28.08,28.8,251
2395,2014-10-07,28.92,29.04,28.44,28.44,541
2396,2014-10-08,29.28,29.639,27.6,29.639,139
2397,2014-10-09,28.08,29.28,27.6,27.6,1224
2398,2014-10-10,28.08,28.2,27.48,28.079,297
2399,2014-10-13,27.36,27.48,26.52,27.48,860
2400,2014-10-14,27.6,29.4,26.64,28.679,916
2401,2014-10-15,29.4,29.519,26.52,28.319,472
2402,2014-10-16,27.96,27.96,27.0,27.36,496
2403,2014-10-17,27.36,28.319,26.16,27.96,1757
2404,2014-10-20,27.24,29.159,25.8,27.839,872
2405,2014-10-21,27.24,27.36,25.92,25.92,329
2406,2014-10-22,26.04,28.44,26.04,27.48,1159
2407,2014-10-23,27.72,29.742,27.001,28.8,755
2408,2014-10-24,28.56,28.56,27.24,27.839,221
2409,2014-10-27,27.0,28.559,26.64,27.24,278
2410,2014-10-28,26.28,27.839,26.172,27.479,747
2411,2014-10-29,27.359,27.359,26.04,26.04,1040
2412,2014-10-30,25.68,26.268,25.2,26.268,781
2413,2014-10-31,25.92,26.399,25.68,26.399,989
2414,2014-11-03,27.0,27.223,25.68,27.0,143
2415,2014-11-04,27.0,27.479,25.8,27.108,525
2416,2014-11-05,25.44,27.839,25.44,27.6,75
2417,2014-11-06,26.52,27.599,25.921,27.239,451
2418,2014-11-10,27.05,27.82,25.56,27.0,538
2419,2014-11-11,27.0,27.6,25.32,27.36,558
2420,2014-11-12,27.84,27.84,25.08,27.239,311
2421,2014-11-13,26.4,27.119,24.6,26.64,1356
2422,2014-11-14,24.72,28.2,24.48,26.401,1855
2423,2014-11-17,27.84,27.972,26.16,26.76,2013
2424,2014-11-18,26.4,30.0,26.4,28.081,6367
2425,2014-11-19,28.2,30.119,28.2,29.52,2548
2426,2014-11-20,29.4,31.56,28.92,30.96,6353
2427,2014-11-21,31.2,31.56,30.12,31.08,2481
2428,2014-11-24,31.2,31.2,30.0,30.72,1292
2429,2014-11-25,30.24,30.24,28.2,28.44,3434
2430,2014-11-26,30.479,30.479,28.8,29.04,1177
2431,2014-11-28,29.999,30.599,27.84,30.48,1581
2432,2014-12-01,30.72,31.68,29.64,31.32,1116
2433,2014-12-02,30.0,31.38,30.0,30.12,2317
2434,2014-12-03,31.439,32.512,30.12,31.92,2106
2435,2014-12-04,31.8,32.64,31.2,31.2,2217
2436,2014-12-05,31.08,31.8,30.121,31.08,580
2437,2014-12-08,30.48,30.72,30.0,30.0,398
2438,2014-12-09,30.132,30.48,30.132,30.48,79
2439,2014-12-10,30.0,30.36,30.0,30.0,314
2440,2014-12-11,32.268,32.268,27.84,27.84,805
2441,2014-12-15,29.04,29.04,27.72,27.72,308
2442,2014-12-16,28.68,30.0,27.36,27.48,789
2443,2014-12-17,30.24,30.24,29.04,29.88,271
2444,2014-12-18,29.88,30.24,27.12,29.999,310
2445,2014-12-19,27.6,29.76,27.24,27.72,583
2446,2014-12-22,27.276,31.32,27.276,28.8,1129
2447,2014-12-23,27.96,28.08,27.12,27.48,728
2448,2014-12-24,30.239,30.239,27.84,30.0,92
2449,2014-12-26,27.6,29.868,27.12,27.36,939
2450,2014-12-29,27.36,28.44,23.52,24.36,5040
2451,2014-12-30,24.24,24.96,23.04,23.16,1850
2452,2014-12-31,24.0,24.0,18.72,20.4,9791
2453,2015-01-02,21.119,21.119,19.812,20.88,817
2454,2015-01-05,19.812,20.832,19.8,20.16,1196
2455,2015-01-06,20.52,21.36,19.8,21.0,704
2456,2015-01-07,19.934,21.6,19.934,20.16,805
2457,2015-01-08,20.491,20.491,18.24,18.36,3894
2458,2015-01-09,18.0,18.36,17.52,17.76,1212
2459,2015-01-12,18.72,19.08,18.241,18.6,653
2460,2015-01-13,17.88,18.24,17.16,18.12,552
2461,2015-01-14,16.92,18.6,16.92,18.24,781
2462,2015-01-15,18.6,18.6,17.52,18.12,550
2463,2015-01-16,17.76,20.28,17.76,20.04,959
2464,2015-01-20,20.76,22.68,19.68,20.401,3014
2465,2015-01-21,20.761,22.199,20.761,21.72,897
2466,2015-01-22,21.6,21.6,21.24,21.241,774
2467,2015-01-23,19.8,22.44,19.8,21.96,1092
2468,2015-01-26,23.16,25.2,22.799,23.345,4797
2469,2015-01-27,24.192,26.639,24.12,26.4,3705
2470,2015-01-28,27.96,27.96,26.4,26.64,3474
2471,2015-01-29,27.839,28.08,26.46,27.72,1689
2472,2015-01-30,27.6,28.92,27.0,28.92,2676
2473,2015-02-02,28.664,29.4,27.78,28.56,1919
2474,2015-02-03,27.624,29.28,26.662,27.36,1362
2475,2015-02-04,29.254,29.254,27.001,27.12,575
2476,2015-02-05,28.896,29.039,26.28,26.52,1148
2477,2015-02-06,25.188,27.96,24.816,27.48,2790
2478,2015-02-09,28.2,28.8,27.0,27.6,1328
2479,2015-02-10,28.92,28.92,27.12,27.121,458
2480,2015-02-11,27.36,29.28,27.121,29.16,1652
2481,2015-02-12,29.16,29.279,27.36,29.159,771
2482,2015-02-13,29.28,29.4,28.08,28.68,401
2483,2015-02-17,28.56,28.56,28.2,28.2,59
2484,2015-02-18,27.241,28.92,27.241,28.68,259
2485,2015-02-19,28.56,28.56,27.961,28.559,473
2486,2015-02-20,28.56,28.8,27.372,28.8,1893
2487,2015-02-23,28.679,28.679,27.893,28.32,237
2488,2015-02-24,27.66,28.679,27.36,28.559,198
2489,2015-02-25,27.6,28.319,27.012,27.48,590
2490,2015-02-26,27.12,28.8,27.12,28.68,1852
2491,2015-02-27,27.372,28.679,27.121,28.56,562
2492,2015-03-02,29.4,42.84,29.4,36.96,90067
2493,2015-03-03,38.28,39.84,34.44,35.4,25467
2494,2015-03-04,34.2,39.96,32.64,39.48,14025
2495,2015-03-05,38.4,39.24,32.52,33.24,13008
2496,2015-03-06,35.16,35.52,27.12,29.64,8092
2497,2015-03-09,28.92,32.76,28.92,32.28,2425
2498,2015-03-10,30.0,32.4,29.88,30.24,1833
2499,2015-03-11,30.6,31.2,28.32,29.04,2800
2500,2015-03-12,29.16,31.08,27.48,29.04,1633
2501,2015-03-13,28.56,29.4,27.6,27.72,1583
2502,2015-03-16,28.68,28.8,27.0,27.6,1867
2503,2015-03-17,28.44,28.44,25.2,25.8,3358
2504,2015-03-18,24.96,27.36,24.96,26.76,767
2505,2015-03-19,26.04,26.52,26.04,26.52,92
2506,2015-03-20,27.12,28.56,26.52,27.6,1475
2507,2015-03-23,25.8,27.96,25.2,27.24,467
2508,2015-03-24,28.08,28.2,26.64,28.08,1033
2509,2015-03-25,27.0,28.8,26.4,28.08,658
2510,2015-03-26,28.8,28.8,26.52,27.24,950
2511,2015-03-27,26.28,27.0,25.56,26.88,75
2512,2015-03-30,26.88,27.0,26.76,26.76,75
2513,2015-03-31,25.92,27.0,25.92,27.0,133
2514,2015-04-01,26.04,26.88,25.32,26.88,200
2515,2015-04-02,25.44,26.64,24.6,25.44,908
2516,2015-04-06,25.68,27.0,25.08,25.2,983
2517,2015-04-07,24.96,25.679,24.6,25.562,255
2518,2015-04-08,25.2,30.0,25.2,29.16,1900
2519,2015-04-09,29.879,29.879,25.44,28.2,2786
2520,2015-04-10,27.96,28.2,25.44,25.56,450
2521,2015-04-13,26.76,28.56,25.8,27.48,950
2522,2015-04-14,27.24,27.36,26.16,26.52,500
2523,2015-04-15,26.16,27.36,25.8,25.92,1922
2524,2015-04-16,26.4,26.4,26.16,26.16,235
2525,2015-04-17,26.4,26.4,25.92,26.4,717
2526,2015-04-20,25.92,28.03,25.8,26.52,1020
2527,2015-04-21,28.03,28.068,26.401,27.804,283
2528,2015-04-22,27.96,28.188,26.04,26.996,327
2529,2015-04-23,26.64,27.36,26.4,27.36,308
2530,2015-04-24,27.6,27.6,26.4,27.307,512
2531,2015-04-27,26.64,27.12,26.64,26.88,83
2532,2015-04-28,26.432,27.479,26.432,27.479,80
2533,2015-04-29,26.88,27.0,25.8,26.64,450
2534,2015-04-30,26.16,26.88,25.44,26.04,658
2535,2015-05-01,26.04,27.0,26.04,26.52,483
2536,2015-05-04,26.16,27.36,26.16,26.52,500
2537,2015-05-05,26.04,27.36,26.04,27.36,75
2538,2015-05-06,27.24,27.24,27.24,27.24,20
2539,2015-05-07,25.452,27.168,25.452,27.168,119
2540,2015-05-11,26.04,27.24,26.04,27.24,92
2541,2015-05-12,26.904,27.6,26.803,26.803,559
2542,2015-05-13,27.829,27.829,27.829,27.829,17
2543,2015-05-14,27.84,28.2,26.52,28.2,1075
2544,2015-05-15,28.2,28.2,26.039,26.16,570
2545,2015-05-18,25.8,27.738,25.32,27.653,1351
2546,2015-05-19,25.32,27.739,24.96,25.56,929
2547,2015-05-20,27.72,27.72,25.32,26.52,225
2548,2015-05-21,26.64,26.64,24.84,25.92,1308
2549,2015-05-22,25.8,26.16,24.12,25.32,675
2550,2015-05-26,25.44,25.44,25.08,25.44,414
2551,2015-05-27,24.48,24.84,24.24,24.48,442
2552,2015-05-28,25.439,25.439,25.439,25.439,13
2553,2015-05-29,24.72,24.84,24.72,24.84,117
2554,2015-06-01,23.942,24.48,23.942,24.24,244
2555,2015-06-02,24.36,24.996,24.0,24.996,464
2556,2015-06-03,25.2,25.2,24.6,25.08,825
2557,2015-06-04,26.4,27.12,24.36,24.96,1867
2558,2015-06-05,25.44,25.44,23.52,24.0,583
2559,2015-06-08,23.88,25.08,22.92,23.88,983
2560,2015-06-09,23.52,24.846,23.52,23.64,293
2561,2015-06-10,23.4,25.027,23.4,23.88,209
2562,2015-06-11,25.8,38.4,25.2,26.28,199680
2563,2015-06-12,26.52,27.6,24.36,26.28,12292
2564,2015-06-15,26.52,26.52,24.6,25.2,1408
2565,2015-06-16,25.32,25.32,23.64,24.84,2425
2566,2015-06-17,24.96,24.96,23.64,24.48,2517
2567,2015-06-18,23.88,24.72,23.4,24.6,2042
2568,2015-06-19,24.36,24.96,24.0,24.0,1658
2569,2015-06-22,24.0,26.4,24.0,25.56,2442
2570,2015-06-23,25.915,25.915,24.84,25.8,501
2571,2015-06-24,25.56,26.28,24.6,26.16,817
2572,2015-06-25,26.16,26.4,24.36,24.96,3967
2573,2015-06-26,24.6,25.2,23.88,25.2,1050
2574,2015-06-29,24.48,24.6,23.52,23.88,4500
2575,2015-06-30,23.88,24.12,23.16,24.12,1178
2576,2015-07-01,22.8,24.0,22.56,24.0,867
2577,2015-07-02,24.0,25.44,22.8,25.44,2158
2578,2015-07-06,24.96,24.96,24.0,24.24,1333
2579,2015-07-07,24.0,24.6,22.8,24.24,3050
2580,2015-07-08,24.72,24.84,24.24,24.72,1458
2581,2015-07-09,24.72,24.72,23.88,24.24,2108
2582,2015-07-10,24.48,24.6,24.0,24.0,1400
2583,2015-07-13,24.36,24.72,23.76,24.6,1833
2584,2015-07-14,24.001,24.377,23.401,23.58,2065
2585,2015-07-15,24.383,24.48,23.734,24.48,761
2586,2015-07-16,24.48,24.72,23.76,24.48,8508
2587,2015-07-17,24.48,24.96,23.88,24.72,3533
2588,2015-07-20,23.88,24.48,23.76,24.48,858
2589,2015-07-21,24.0,24.72,24.0,24.24,1550
2590,2015-07-22,23.4,24.36,23.4,23.64,533
2591,2015-07-23,24.36,24.36,23.04,23.04,425
2592,2015-07-24,22.92,24.12,22.8,23.28,1525
2593,2015-07-27,22.2,24.12,22.2,24.0,567
2594,2015-07-28,23.76,23.88,23.76,23.88,33
2595,2015-07-29,23.4,23.52,22.2,22.2,1167
2596,2015-07-30,23.04,23.16,22.2,22.68,1300
2597,2015-07-31,22.92,23.16,22.92,22.92,892
2598,2015-08-03,23.243,23.243,23.243,23.243,21
2599,2015-08-04,22.2,22.56,21.72,22.44,1925
2600,2015-08-05,20.52,22.08,18.48,18.72,7775
2601,2015-08-06,18.72,18.72,17.76,18.084,2306
2602,2015-08-07,18.12,18.12,16.92,17.04,1958
2603,2015-08-10,18.6,18.6,17.16,18.24,142
2604,2015-08-12,18.6,18.6,17.4,18.0,133
2605,2015-08-13,17.16,18.6,16.92,18.36,1567
2606,2015-08-14,18.48,18.48,17.88,18.24,292
2607,2015-08-17,17.88,18.0,17.76,18.0,558
2608,2015-08-18,17.4,18.0,17.4,18.0,200
2609,2015-08-19,17.52,17.88,16.92,17.28,1492
2610,2015-08-20,16.92,17.64,16.92,17.28,1008
2611,2015-08-21,16.8,16.8,16.8,16.8,575
2612,2015-08-24,16.2,16.56,15.239,15.239,1359
2613,2015-08-25,15.24,15.84,13.44,13.92,4342
2614,2015-08-26,13.8,14.88,13.2,13.56,3100
2615,2015-08-27,13.8,15.12,13.8,15.12,2850
2616,2015-08-28,14.52,15.72,14.52,15.72,1650
2617,2015-08-31,15.84,17.04,15.6,17.04,3858
2618,2015-09-01,16.44,18.24,16.2,16.56,1150
2619,2015-09-02,17.76,17.76,15.72,15.72,642
2620,2015-09-03,15.72,16.2,15.72,15.96,650
2621,2015-09-04,15.6,15.6,15.12,15.6,1308
2622,2015-09-08,15.12,16.32,14.76,16.2,2425
2623,2015-09-09,17.28,17.4,15.84,16.32,250
2624,2015-09-10,16.08,16.476,15.36,15.6,465
2625,2015-09-11,15.96,16.32,15.96,16.32,300
2626,2015-09-14,17.04,19.2,16.8,18.36,11542
2627,2015-09-15,19.8,20.16,15.0,15.84,8583
2628,2015-09-16,15.6,16.92,15.6,16.68,1175
2629,2015-09-17,17.64,18.6,16.68,16.8,2831
2630,2015-09-18,16.56,17.64,16.56,17.16,808
2631,2015-09-21,15.96,17.4,15.96,16.8,1375
2632,2015-09-22,16.44,18.12,16.32,17.76,2158
2633,2015-09-23,17.88,18.6,17.88,18.24,1645
2634,2015-09-24,18.6,23.16,18.6,19.56,52960
2635,2015-09-25,20.16,20.16,17.04,19.8,11842
2636,2015-09-28,19.8,19.8,14.892,15.0,8348
2637,2015-09-29,15.24,15.36,13.8,13.92,4250
2638,2015-09-30,14.16,15.84,13.92,14.88,3517
2639,2015-10-01,14.52,15.6,13.68,13.92,3058
2640,2015-10-02,13.8,13.92,13.32,13.44,1208
2641,2015-10-05,13.92,13.92,13.2,13.44,2270
2642,2015-10-06,13.44,13.68,12.48,13.44,4100
2643,2015-10-07,13.56,14.4,12.862,14.16,2310
2644,2015-10-08,14.04,15.24,13.92,14.28,1433
2645,2015-10-09,14.4,15.84,14.16,15.24,10892
2646,2015-10-12,15.72,16.426,13.968,14.64,2325
2647,2015-10-13,14.88,14.88,13.8,13.92,3158
2648,2015-10-14,13.68,14.52,13.44,13.44,1933
2649,2015-10-15,13.8,14.4,13.56,14.28,633
2650,2015-10-16,14.4,14.64,13.68,14.04,3050
2651,2015-10-19,14.4,14.64,14.284,14.64,2200
2652,2015-10-20,14.4,15.36,14.4,14.88,1458
2653,2015-10-21,14.16,14.76,13.68,13.92,2142
2654,2015-10-22,13.92,14.76,13.92,14.16,1917
2655,2015-10-23,14.28,14.28,13.68,13.68,1233
2656,2015-10-26,13.68,14.28,13.68,14.04,742
2657,2015-10-27,13.92,14.4,13.92,14.4,958
2658,2015-10-28,14.04,14.04,13.44,13.56,900
2659,2015-10-29,13.68,14.04,13.56,13.56,1742
2660,2015-10-30,13.32,13.68,13.32,13.32,1000
2661,2015-11-02,13.92,14.04,13.44,13.92,6522
2662,2015-11-03,13.8,14.28,13.68,13.68,1583
2663,2015-11-04,13.92,14.28,13.68,14.28,2211
2664,2015-11-05,14.28,14.28,13.68,13.8,775
2665,2015-11-06,14.88,17.88,14.52,14.88,94100
2666,2015-11-09,16.2,16.2,13.8,15.36,20562
2667,2015-11-10,16.32,16.44,15.36,15.84,23533
2668,2015-11-11,16.2,16.8,15.6,16.68,6292
2669,2015-11-12,16.8,16.92,15.12,15.6,4700
2670,2015-11-13,15.36,16.2,14.64,14.64,3067
2671,2015-11-16,14.64,15.6,14.16,14.88,3583
2672,2015-11-17,14.64,14.64,13.2,13.2,6142
2673,2015-11-18,13.44,13.44,13.2,13.2,833
2674,2015-11-19,13.44,14.16,12.12,12.84,4950
2675,2015-11-20,12.84,15.12,12.84,13.32,10358
2676,2015-11-23,13.2,13.68,13.08,13.2,4858
2677,2015-11-24,13.2,13.68,12.72,12.84,6517
2678,2015-11-25,13.2,14.76,12.84,13.08,6058
2679,2015-11-27,13.8,13.8,12.6,12.6,967
2680,2015-11-30,12.6,12.6,12.12,12.24,4292
2681,2015-12-01,13.2,13.2,12.12,12.24,2733
2682,2015-12-02,12.72,12.72,12.0,12.24,2524
2683,2015-12-03,12.0,12.719,12.0,12.36,1820
2684,2015-12-04,12.24,12.48,12.0,12.12,3167
2685,2015-12-07,12.12,12.12,12.0,12.0,1275
2686,2015-12-08,12.0,12.36,12.0,12.0,2668
2687,2015-12-09,12.12,12.24,11.76,12.0,758
2688,2015-12-10,12.0,12.0,9.84,10.08,4733
2689,2015-12-11,9.6,10.8,9.0,10.32,6242
2690,2015-12-14,10.8,11.4,9.42,10.44,5817
2691,2015-12-15,10.08,10.68,9.72,9.72,3633
2692,2015-12-16,10.2,10.56,9.6,9.6,2700
2693,2015-12-17,9.72,9.96,9.36,9.36,1425
2694,2015-12-18,9.96,9.96,8.64,8.88,4500
2695,2015-12-21,8.64,9.0,8.64,8.76,1658
2696,2015-12-22,8.4,9.0,8.04,8.88,5227
2697,2015-12-23,8.76,9.36,8.16,8.4,2533
2698,2015-12-24,9.1488,9.84,9.1488,9.84,1841
2699,2015-12-28,9.6,9.64,9.12,9.12,3163
2700,2015-12-29,9.258,9.959,7.8,7.92,4581
2701,2015-12-30,8.97,9.0,8.52,8.64,608
2702,2015-12-31,8.64,8.9988,7.212,7.92,3780
2703,2016-01-04,7.6572,8.64,7.6572,8.64,154
2704,2016-01-05,8.8788,9.0,8.4,8.6388,1011
2705,2016-01-06,8.208,8.7588,8.16,8.4,328
2706,2016-01-07,8.88,8.88,7.8,7.9212,1823
2707,2016-01-08,8.1612,8.6388,8.16,8.28,659
2708,2016-01-11,8.4,8.76,7.92,7.92,293
2709,2016-01-12,7.2,8.2692,6.6252,7.8012,568
2710,2016-01-13,7.8,7.8012,6.7212,7.2504,4437
2711,2016-01-14,6.792,7.2,6.696,7.2,1808
2712,2016-01-15,6.7224,7.596,6.7224,7.08,1749
2713,2016-01-19,6.96,7.08,6.84,6.96,1083
2714,2016-01-20,6.96,7.08,6.3528,6.6,1320
2715,2016-01-21,6.48,9.6,6.36,8.88,3563
2716,2016-01-22,8.88,11.04,8.52,8.7588,3743
2717,2016-01-25,8.766,8.766,7.5588,7.92,2319
2718,2016-01-26,8.5212,9.6,7.44,8.0388,277
2719,2016-01-27,8.124,8.88,7.56,8.652,1149
2720,2016-01-28,9.0,9.36,7.8,8.4,2343
2721,2016-01-29,8.652,9.6,8.4,9.562,911
2722,2016-02-01,9.84,9.84,9.0,9.36,300
2723,2016-02-02,7.5636,8.6388,7.44,8.6388,2551
2724,2016-02-03,9.63,9.63,8.7348,8.7348,360
2725,2016-02-04,8.5032,8.7348,8.28,8.7348,698
2726,2016-02-05,8.2812,8.88,8.16,8.874,475
2727,2016-02-08,9.0,9.72,8.8152,9.3,173
2728,2016-02-09,9.84,9.96,8.64,9.36,1397
2729,2016-02-10,9.834,10.08,9.24,9.84,2358
2730,2016-02-11,9.84,9.84,9.24,9.282,884
2731,2016-02-12,9.12,9.72,9.12,9.72,375
2732,2016-02-16,9.2412,9.6,9.24,9.6,523
2733,2016-02-17,9.168,9.3048,9.1212,9.1212,204
2734,2016-02-18,9.959,9.96,8.76,8.88,827
2735,2016-02-19,9.6,9.6,9.0,9.0,244
2736,2016-02-22,9.96,9.96,8.76,8.76,1892
2737,2016-02-23,8.52,8.76,8.16,8.4,1691
2738,2016-02-24,8.64,8.76,8.4,8.4,248
2739,2016-02-25,9.24,9.24,8.4,8.5236,1110
2740,2016-02-26,8.8428,9.0,7.44,8.28,1302
2741,2016-02-29,8.6388,8.88,8.16,8.16,151
2742,2016-03-01,8.4,8.412,8.4,8.412,312
2743,2016-03-02,8.232,8.4528,8.232,8.4,746
2744,2016-03-03,8.928,11.04,8.928,10.68,6773
2745,2016-03-04,11.16,11.16,10.68,10.86,1631
2746,2016-03-07,10.86,10.86,10.86,10.86,42
2747,2016-03-08,10.08,10.08,9.6,9.72,578
2748,2016-03-09,9.841,10.464,9.841,10.44,1835
2749,2016-03-10,9.84,10.41,9.84,10.41,1023
2750,2016-03-11,10.44,10.776,10.44,10.498,1058
2751,2016-03-14,10.44,10.468,10.44,10.468,318
2752,2016-03-15,9.912,10.8,9.84,10.44,1197
2753,2016-03-16,9.84,10.08,8.16,8.7888,2609
2754,2016-03-17,8.496,8.976,7.92,8.8908,327
2755,2016-03-18,9.0,9.0,8.88,8.9988,733
2756,2016-03-21,8.88,9.0,8.64,8.64,369
2757,2016-03-23,8.7588,8.7588,8.7588,8.7588,127
2758,2016-03-24,8.3088,8.3088,8.3088,8.3088,12
2759,2016-03-28,8.5068,8.5272,8.1612,8.5272,126
2760,2016-03-29,8.76,8.76,8.76,8.76,14
2761,2016-03-30,8.76,8.784,8.2212,8.5896,528
2762,2016-03-31,8.76,8.832,8.7144,8.7144,224
2763,2016-04-01,8.2968,8.2968,7.92,7.92,294
2764,2016-04-04,7.92,8.4,7.92,8.4,125
2765,2016-04-05,8.28,8.52,8.28,8.52,676
2766,2016-04-06,8.016,8.16,7.92,8.16,602
2767,2016-04-07,7.92,7.92,7.92,7.92,8
2768,2016-04-08,7.9212,8.3952,7.9212,8.3952,266
2769,2016-04-11,7.86,8.2524,7.464,8.2308,1065
2770,2016-04-12,7.464,8.0448,7.464,8.0448,102
2771,2016-04-13,8.16,8.28,7.464,7.7052,1133
2772,2016-04-14,7.5672,7.9824,7.5672,7.98,114
2773,2016-04-15,8.2548,8.256,7.5012,7.5012,1339
2774,2016-04-18,7.5504,7.8,7.08,7.2,1643
2775,2016-04-19,7.08,7.2312,6.96,6.96,389
2776,2016-04-20,7.164,7.164,6.6,6.9024,2251
2777,2016-04-21,6.9528,6.96,6.9528,6.9588,268
2778,2016-04-22,6.96,6.9636,6.72,6.9588,3329
2779,2016-04-25,7.2012,7.2012,6.72,6.72,507
2780,2016-04-26,7.176,7.2,7.08,7.2,1832
2781,2016-04-27,6.7944,7.176,6.792,6.96,242
2782,2016-04-28,6.72,7.056,6.72,6.7572,681
2783,2016-04-29,7.0764,7.4388,7.0764,7.4388,1201
2784,2016-05-02,6.72,7.8,6.36,7.2,4462
2785,2016-05-03,7.8588,7.8588,6.84,7.08,3140
2786,2016-05-04,7.8,7.92,6.9708,7.68,117
2787,2016-05-05,6.72,6.72,6.72,6.72,15
2788,2016-05-06,7.1328,7.1328,7.1328,7.1328,13
2789,2016-05-09,7.1988,7.8,7.152,7.8,2745
2790,2016-05-10,7.68,7.7544,7.68,7.7544,297
2791,2016-05-11,7.68,7.8,6.72,7.5888,1934
2792,2016-05-12,7.92,7.92,7.56,7.68,1598
2793,2016-05-13,7.56,7.92,7.56,7.5612,357
2794,2016-05-16,7.08,8.4,7.08,8.4,3124
2795,2016-05-17,7.992,8.28,7.6896,8.2392,877
2796,2016-05-18,8.1564,8.856,8.1564,8.856,598
2797,2016-05-19,8.856,8.856,8.5452,8.76,2083
2798,2016-05-20,9.0,9.0,8.76,8.76,1259
2799,2016-05-23,8.76,8.7612,8.6112,8.76,2006
2800,2016-05-24,9.0,9.0,8.76,8.88,422
2801,2016-05-25,9.0,9.0,8.76,8.8932,399
2802,2016-05-26,9.0,9.0,8.76,8.7612,148
2803,2016-05-27,9.0,9.06,8.88,8.8944,292
2804,2016-05-31,8.82,8.892,8.82,8.8212,961
2805,2016-06-01,8.82,9.72,8.82,9.66,1992
2806,2016-06-02,9.12,9.36,8.82,8.892,1839
2807,2016-06-03,8.82,9.1212,8.82,9.12,869
2808,2016-06-06,9.24,9.4344,9.06,9.06,1092
2809,2016-06-07,9.264,10.5,9.264,9.96,6150
2810,2016-06-08,10.164,16.08,9.96,11.4,76565
2811,2016-06-09,11.748,13.68,10.56,10.92,4991
2812,2016-06-10,11.04,11.362,9.864,10.56,2576
2813,2016-06-13,10.248,20.28,9.36,16.8,214288
2814,2016-06-14,15.6,16.44,11.4,11.401,202144
2815,2016-06-15,12.0,12.48,10.32,10.564,61013
2816,2016-06-16,9.636,10.606,9.636,10.08,21985
2817,2016-06-17,10.38,12.36,10.2,11.22,197189
2818,2016-06-20,11.64,12.96,9.132,9.82,241724
2819,2016-06-21,10.32,10.44,9.12,9.12,53589
2820,2016-06-22,9.576,9.792,8.28,8.52,30980
2821,2016-06-23,8.04,8.7,7.92,8.292,20951
2822,2016-06-24,9.0,9.66,8.3064,8.76,101872
2823,2016-06-27,9.36,9.36,7.2,7.4424,44631
2824,2016-06-28,7.8,7.8,6.528,6.996,30303
2825,2016-06-29,7.3464,7.92,7.08,7.68,32589
2826,2016-06-30,7.8,8.04,7.2012,7.26,19197
2827,2016-07-01,7.74,7.7988,6.84,7.176,30039
2828,2016-07-05,7.5348,7.5504,6.96,7.1988,15092
2829,2016-07-06,7.32,7.92,6.96,6.96,64313
2830,2016-07-07,7.26,7.26,6.24,6.3996,48064
2831,2016-07-08,6.12,6.24,5.16,5.64,71343
2832,2016-07-11,4.92,7.1996,4.4,5.96,121180
2833,2016-07-12,6.36,6.52,5.6,5.6,37779
2834,2016-07-13,5.52,5.9996,5.52,5.68,18030
2835,2016-07-14,5.72,6.0,5.6,5.96,28596
2836,2016-07-15,6.0,7.56,6.0,6.2,437455
2837,2016-07-18,6.28,7.1596,6.044,6.72,214925
2838,2016-07-19,6.92,7.116,6.2,6.56,70494
2839,2016-07-20,6.48,6.56,6.16,6.48,41599
2840,2016-07-21,6.56,6.56,6.08,6.28,40045
2841,2016-07-22,6.2,6.76,6.0,6.24,101228
2842,2016-07-25,6.44,6.8,6.12,6.6,72255
2843,2016-07-26,6.68,7.72,6.56,6.92,298870
2844,2016-07-27,7.2,9.72,7.2,8.76,1140541
2845,2016-07-28,8.6,9.72,6.6,7.12,610254
2846,2016-07-29,7.28,7.6,6.48,7.2,122506
2847,2016-08-01,7.08,7.24,6.44,6.48,79789
2848,2016-08-02,6.32,6.446,5.2,5.44,202549
2849,2016-08-03,5.4,5.868,5.0452,5.68,72733
2850,2016-08-04,6.44,6.8,5.68,6.16,213842
2851,2016-08-05,6.16,6.356,5.84,6.16,70951
2852,2016-08-08,5.88,6.2,5.84,6.2,52999
2853,2016-08-09,6.12,6.2,5.8404,6.12,22214
2854,2016-08-10,6.2,6.2,5.6,5.8,36374
2855,2016-08-11,5.84,5.88,5.4548,5.76,24889
2856,2016-08-12,5.72,6.0,5.68,5.8896,15804
2857,2016-08-15,5.92,6.28,5.88,6.12,38498
2858,2016-08-16,6.2,6.6,6.0,6.38,64965
2859,2016-08-17,6.44,6.44,6.16,6.28,33404
2860,2016-08-18,6.12,6.2856,6.0,6.08,23001
2861,2016-08-19,6.08,6.096,5.8,5.96,31933
2862,2016-08-22,5.96,5.96,5.48,5.72,44363
2863,2016-08-23,5.72,5.88,5.64,5.7196,22821
2864,2016-08-24,5.68,5.88,5.5204,5.6576,32701
2865,2016-08-25,5.6,5.6796,5.48,5.6,10964
2866,2016-08-26,5.668,5.7596,5.6,5.7596,7273
2867,2016-08-29,5.76,5.8,5.64,5.76,17126
2868,2016-08-30,5.88,6.0,5.6404,5.92,28574
2869,2016-08-31,5.84,5.8796,5.5332,5.6,24533
2870,2016-09-01,5.8396,5.8396,5.6,5.68,5696
2871,2016-09-02,5.64,5.7596,5.6,5.68,5240
2872,2016-09-06,5.68,5.84,5.6404,5.68,24507
2873,2016-09-07,5.68,5.84,5.52,5.56,23509
2874,2016-09-08,5.6684,5.7164,5.52,5.6,15610
2875,2016-09-09,5.64,5.68,5.48,5.48,13297
2876,2016-09-12,5.56,5.6,5.2404,5.3328,23028
2877,2016-09-13,5.32,5.48,5.28,5.4,10412
2878,2016-09-14,5.32,5.56,5.32,5.48,4704
2879,2016-09-15,5.2,5.44,4.44,4.76,96793
2880,2016-09-16,4.8,5.04,4.78,5.0,22429
2881,2016-09-19,4.96,5.24,4.88,5.2,13579
2882,2016-09-20,5.28,5.36,5.0,5.16,20266
2883,2016-09-21,5.16,5.16,4.8,4.88,19077
2884,2016-09-22,5.0,5.12,4.84,4.8404,42180
2885,2016-09-23,5.0,5.2,4.84,4.92,11452
2886,2016-09-26,4.96,4.96,4.76,4.76,20948
2887,2016-09-27,4.76,4.8696,4.6,4.64,19090
2888,2016-09-28,4.52,4.72,4.52,4.72,21688
2889,2016-09-29,4.7592,4.96,4.68,4.7596,13893
2890,2016-09-30,5.36,5.44,4.84,5.0396,45609
2891,2016-10-03,5.16,5.16,4.8,4.8,20608
2892,2016-10-04,4.76,4.88,4.6,4.68,22097
2893,2016-10-05,4.56,4.8,4.48,4.6,18477
2894,2016-10-06,4.48,4.604,4.48,4.48,13040
2895,2016-10-07,4.6,4.84,4.48,4.52,9235
2896,2016-10-10,4.5996,4.5996,4.44,4.48,3401
2897,2016-10-11,4.48,4.72,4.4,4.64,43753
2898,2016-10-12,4.72,4.72,4.52,4.56,16358
2899,2016-10-13,4.56,4.72,4.4068,4.68,11328
2900,2016-10-14,4.68,4.6804,4.44,4.6,11402
2901,2016-10-17,4.8,4.8,4.36,4.36,31431
2902,2016-10-18,4.28,4.4312,4.04,4.16,39343
2903,2016-10-19,4.16,4.4776,3.7508,4.4,39346
2904,2016-10-20,4.4,4.56,4.4,4.48,6041
2905,2016-10-21,4.44,4.48,4.04,4.4,11737
2906,2016-10-24,4.4,4.44,4.12,4.28,12616
2907,2016-10-25,4.12,4.4,4.04,4.1556,11872
2908,2016-10-26,4.12,4.64,4.08,4.48,16499
2909,2016-10-27,4.2,4.44,4.2,4.24,7530
2910,2016-10-28,4.4396,4.44,4.24,4.24,4396
2911,2016-10-31,4.268,4.28,4.12,4.12,3213
2912,2016-11-01,4.12,4.24,4.04,4.08,10489
2913,2016-11-02,4.08,4.08,3.72,3.94,34063
2914,2016-11-03,4.0,4.12,3.76,4.08,21691
2915,2016-11-04,4.2,4.2,4.0,4.1196,4271
2916,2016-11-07,4.0,4.12,3.88,3.9908,4280
2917,2016-11-08,4.0,4.04,3.68,4.0,11054
2918,2016-11-09,3.88,4.2,3.732,4.0,9479
2919,2016-11-10,4.1168,4.1168,3.8,3.9612,7950
2920,2016-11-11,3.9608,3.9612,3.686,3.8396,5755
2921,2016-11-14,3.764,3.96,3.64,3.68,17571
2922,2016-11-15,3.72,3.92,3.6004,3.6992,14858
2923,2016-11-16,3.8,3.8788,3.24,3.6,25741
2924,2016-11-17,3.6,3.84,3.28,3.68,12150
2925,2016-11-18,3.76,5.28,3.64,4.3536,354345
2926,2016-11-21,4.32,4.48,3.964,4.24,57922
2927,2016-11-22,4.2,4.274,3.284,3.96,45916
2928,2016-11-23,4.12,4.12,3.64,3.8,14148
2929,2016-11-25,4.0,4.12,3.8,4.0004,16640
2930,2016-11-28,4.08,4.4,3.88,4.24,36213
2931,2016-11-29,4.6,6.8436,4.4,5.64,1055515
2932,2016-11-30,5.56,5.6,4.6,4.68,153104
2933,2016-12-01,4.64,5.16,4.4,4.68,68098
2934,2016-12-02,4.84,4.9,4.4,4.68,33269
2935,2016-12-05,4.76,4.76,4.4,4.4,32439
2936,2016-12-06,4.44,4.8,4.44,4.8,43338
2937,2016-12-07,4.76,5.4,4.76,5.08,85810
2938,2016-12-08,5.32,6.8,5.2004,5.52,491794
2939,2016-12-09,5.24,5.6,5.12,5.36,59208
2940,2016-12-12,5.36,5.56,5.0,5.04,46886
2941,2016-12-13,5.08,5.28,5.0,5.24,27836
2942,2016-12-14,5.24,5.44,5.08,5.24,30119
2943,2016-12-15,5.28,5.32,5.0,5.28,26680
2944,2016-12-16,5.24,5.4,4.88,5.2,32247
2945,2016-12-19,5.16,5.36,5.132,5.36,22281
2946,2016-12-20,5.4,5.7196,5.3104,5.64,30332
2947,2016-12-21,5.6,6.68,5.6,6.4772,197613
2948,2016-12-22,6.8,6.88,5.92,6.2,133080
2949,2016-12-23,6.04,6.4,5.8,6.32,46899
2950,2016-12-27,6.48,7.68,6.0,7.64,344188
2951,2016-12-28,7.64,11.52,7.64,9.68,2717673
2952,2016-12-29,9.64,10.68,8.12,9.76,468450
2953,2016-12-30,9.4,9.8,8.4736,8.8,146948
2954,2017-01-03,8.52,8.5508,6.4,6.96,302568
2955,2017-01-04,6.88,7.52,6.44,7.16,125328
2956,2017-01-05,7.12,7.12,6.44,6.64,95901
2957,2017-01-06,6.48,6.6,5.72,6.08,160909
2958,2017-01-09,6.08,6.56,5.84,6.08,76242
2959,2017-01-10,6.08,6.36,5.8752,6.2404,45733
2960,2017-01-11,6.12,6.24,6.04,6.12,25334
2961,2017-01-12,6.24,6.4,6.0,6.04,46296
2962,2017-01-13,6.04,6.08,5.6,5.68,52264
2963,2017-01-17,5.64,6.0476,5.604,5.8,44057
2964,2017-01-18,6.16,7.04,5.8,6.28,280244
2965,2017-01-19,6.2,6.28,5.72,5.72,80534
2966,2017-01-20,5.72,5.7904,5.2804,5.56,58034
2967,2017-01-23,5.52,5.696,5.2804,5.44,49075
2968,2017-01-24,5.44,5.72,5.44,5.64,13836
2969,2017-01-25,5.64,6.0,5.52,5.64,53502
2970,2017-01-26,5.524,5.88,5.4,5.8,120856
2971,2017-01-27,5.88,5.88,5.56,5.72,19667
2972,2017-01-30,5.68,6.0,5.48,5.96,23136
2973,2017-01-31,6.04,6.04,5.6,5.72,34047
2974,2017-02-01,5.64,5.92,5.64,5.88,25168
2975,2017-02-02,5.88,5.92,5.52,5.88,15027
2976,2017-02-03,5.8,5.92,5.64,5.88,10708
2977,2017-02-06,5.76,5.8932,5.68,5.76,7989
2978,2017-02-07,5.76,7.12,5.68,6.92,203258
2979,2017-02-08,6.72,6.72,6.04,6.44,78376
2980,2017-02-09,6.36,7.0,6.24,6.56,74616
2981,2017-02-10,6.56,7.8,6.0,6.2,293888
2982,2017-02-13,6.32,6.52,6.0,6.2,35350
2983,2017-02-14,6.394,6.4,6.18,6.32,25451
2984,2017-02-15,6.4,6.4,6.0112,6.12,30671
2985,2017-02-16,6.0,6.1996,5.8,5.846,26718
2986,2017-02-17,5.8,6.2,5.7604,6.1592,21973
2987,2017-02-21,6.2,6.6692,5.8,6.32,71982
2988,2017-02-22,6.32,6.36,6.04,6.04,16786
2989,2017-02-23,6.1268,6.2796,5.8892,5.9568,15374
2990,2017-02-24,5.92,6.0256,5.88,5.88,18641
2991,2017-02-27,5.92,5.92,5.44,5.52,38170
2992,2017-02-28,5.52,5.8,5.4,5.5068,26247
2993,2017-03-01,5.44,5.6396,5.44,5.52,15229
2994,2017-03-02,5.4,5.52,4.84,5.1404,72869
2995,2017-03-03,5.0,5.28,4.9324,5.1204,17194
2996,2017-03-06,5.2,5.2,4.84,4.9196,28805
2997,2017-03-07,4.8,5.0,4.8,4.96,21666
2998,2017-03-08,5.0,5.12,4.84,4.8528,22149
2999,2017-03-09,4.9216,5.08,4.44,4.7184,62745
3000,2017-03-10,4.8,4.844,4.528,4.6396,20860
3001,2017-03-13,4.7196,4.8,4.6,4.6,11999
3002,2017-03-14,4.72,4.7596,4.44,4.5196,6917
3003,2017-03-15,4.52,4.72,4.4,4.5596,9985
3004,2017-03-16,4.44,4.8,4.44,4.8,25303
3005,2017-03-17,4.8,5.0,4.8,4.88,15670
3006,2017-03-20,4.92,5.08,4.6044,4.9464,40764
3007,2017-03-21,5.0,5.0288,4.48,4.56,23098
3008,2017-03-22,4.76,4.8,4.56,4.6396,13647
3009,2017-03-23,4.56,4.64,4.4412,4.56,12215
3010,2017-03-24,4.6,4.88,4.56,4.64,14069
3011,2017-03-27,4.6,4.76,4.44,4.56,10503
3012,2017-03-28,4.72,5.52,4.48,5.04,183406
3013,2017-03-29,5.08,5.3596,4.92,5.0,108447
3014,2017-03-30,5.08,5.2,4.68,4.88,35553
3015,2017-03-31,4.92,4.92,4.6,4.7196,28664
3016,2017-04-03,4.96,6.0,4.6,4.96,384028
3017,2017-04-04,4.68,4.96,4.68,4.7284,64252
3018,2017-04-05,4.68,4.72,4.52,4.56,52988
3019,2017-04-06,4.56,4.6364,4.48,4.52,27891
3020,2017-04-07,4.72,4.8,4.52,4.76,36013
3021,2017-04-10,4.72,4.96,4.56,4.8,32437
3022,2017-04-11,4.92,4.92,4.64,4.76,19429
3023,2017-04-12,4.6804,4.76,4.48,4.6396,14972
3024,2017-04-13,4.64,4.72,4.56,4.68,12418
3025,2017-04-17,4.6,4.72,4.48,4.72,25218
3026,2017-04-18,4.64,4.68,4.48,4.68,4154
3027,2017-04-19,4.6,4.7192,4.52,4.68,9826
3028,2017-04-20,4.68,5.0,4.64,4.72,32346
3029,2017-04-21,4.76,4.92,4.68,4.84,28145
3030,2017-04-24,4.92,4.96,4.72,4.836,17413
3031,2017-04-25,4.72,4.88,4.64,4.76,10148
3032,2017-04-26,4.76,4.8,4.68,4.8,8816
3033,2017-04-27,4.8,4.88,4.52,4.72,16971
3034,2017-04-28,4.8,4.8,4.6,4.8,23556
3035,2017-05-01,4.8,4.8,4.5604,4.72,14564
3036,2017-05-02,4.68,4.76,4.56,4.6,12179
3037,2017-05-03,4.63,4.64,4.56,4.64,7136
3038,2017-05-04,4.56,4.64,4.56,4.56,13777
3039,2017-05-05,4.6,5.12,4.5696,4.88,123403
3040,2017-05-08,4.3,5.2999,4.2684,4.79,38055
3041,2017-05-09,4.92,5.58,4.9,5.21,135238
3042,2017-05-10,5.32,5.659,5.12,5.15,138710
3043,2017-05-11,5.25,5.3,4.95,4.99,72300
3044,2017-05-12,4.97,5.1778,4.97,4.99,31699
3045,2017-05-15,5.02,5.14,4.61,4.72,46862
3046,2017-05-16,4.74,4.81,4.51,4.58,52536
3047,2017-05-17,4.48,4.5606,4.25,4.25,30717
3048,2017-05-18,4.25,4.56,4.25,4.31,16406
3049,2017-05-19,4.32,4.58,4.32,4.54,12382
3050,2017-05-22,4.6,4.99,4.56,4.74,29026
3051,2017-05-23,4.67,4.7399,4.5669,4.6999,21827
3052,2017-05-24,4.7,4.7468,4.26,4.31,96986
3053,2017-05-25,4.301,4.3086,3.89,4.06,83342
3054,2017-05-26,4.1,4.1,3.3659,3.5,81897
3055,2017-05-30,3.66,3.84,3.41,3.42,98748
3056,2017-05-31,3.51,3.51,2.87,3.0,188858
3057,2017-06-01,2.99,3.0386,2.81,3.0,55284
3058,2017-06-02,2.9,3.01,2.9,2.98,33892
3059,2017-06-05,3.1,3.1,2.55,2.68,572177
3060,2017-06-06,2.75,2.75,2.56,2.62,125242
3061,2017-06-07,2.65,2.81,2.6,2.66,275985
3062,2017-06-08,2.67,2.76,2.6471,2.76,160903
3063,2017-06-09,2.75,2.8,2.67,2.75,231938
3064,2017-06-12,2.81,3.11,2.696,2.89,686418
3065,2017-06-13,2.97,2.99,2.85,2.9,241004
3066,2017-06-14,2.95,2.95,2.72,2.8,154959
3067,2017-06-15,2.82,2.88,2.75,2.85,103135
3068,2017-06-16,2.88,2.889,2.8,2.88,69515
3069,2017-06-19,2.85,2.9,2.73,2.81,123192
3070,2017-06-20,2.85,2.85,2.72,2.79,70374
3071,2017-06-21,3.15,3.46,2.87,2.87,2662445
3072,2017-06-22,2.96,3.07,2.9,3.04,1186843
3073,2017-06-23,3.04,3.26,2.98,3.03,913702
3074,2017-06-26,2.98,3.16,2.98,2.98,633344
3075,2017-06-27,3.11,3.32,3.07,3.11,1018631
3076,2017-06-28,3.15,3.15,3.05,3.11,644396
3077,2017-06-29,3.2,3.2,2.8,2.85,618264
3078,2017-06-30,2.89,2.9,2.67,2.84,357841
3079,2017-07-03,2.94,2.94,2.75,2.78,181131
3080,2017-07-05,2.8,3.0,2.751,2.88,582853
3081,2017-07-06,3.17,3.25,2.79,2.93,877070
3082,2017-07-07,2.8,2.93,2.65,2.695,366097
3083,2017-07-10,2.7,2.79,2.69,2.72,293487
3084,2017-07-11,2.75,2.7899,2.63,2.69,178333
3085,2017-07-12,2.67,2.76,2.66,2.71,158074
3086,2017-07-13,2.73,2.7699,2.5198,2.53,244322
3087,2017-07-14,2.55,2.599,2.23,2.32,341371
3088,2017-07-17,2.41,2.49,2.3723,2.41,142168
3089,2017-07-18,2.45,2.659,2.42,2.6,261262
3090,2017-07-19,2.69,2.69,2.52,2.63,206014
3091,2017-07-20,2.68,2.693,2.57,2.65,173263
3092,2017-07-21,2.62,2.67,2.55,2.58,118440
3093,2017-07-24,2.6,2.6,2.48,2.55,116828
3094,2017-07-25,2.52,2.55,2.51,2.53,66027
3095,2017-07-26,2.5,2.6,2.5,2.5638,188158
3096,2017-07-27,2.58,2.6,2.53,2.57,106303
3097,2017-07-28,2.54,2.55,2.48,2.5,88719
3098,2017-07-31,2.62,2.62,2.5,2.55,65799
3099,2017-08-01,2.51,2.55,2.5,2.51,53699
3100,2017-08-02,2.51,2.55,2.48,2.48,79963
3101,2017-08-03,2.49,2.5,2.34,2.3899,182873
3102,2017-08-04,2.36,2.44,2.25,2.32,290667
3103,2017-08-07,2.5,2.6,2.26,2.37,431213
3104,2017-08-08,2.45,2.45,2.32,2.39,170388
3105,2017-08-09,2.62,2.62,2.25,2.3399,233700
3106,2017-08-10,2.39,2.42,2.28,2.35,131083
3107,2017-08-11,2.42,2.42,2.25,2.3964,169330
3108,2017-08-14,2.41,2.49,2.39,2.44,134022
3109,2017-08-15,2.39,2.49,2.35,2.39,52419
3110,2017-08-16,2.41,2.45,2.31,2.37,78533
3111,2017-08-17,2.4,2.49,2.22,2.45,307791
3112,2017-08-18,2.49,2.522,2.35,2.4,169946
3113,2017-08-21,2.4,2.4777,2.3781,2.43,81199
3114,2017-08-22,2.41,2.412,2.34,2.37,80967
3115,2017-08-23,2.39,2.4147,2.36,2.39,37789
3116,2017-08-24,2.45,2.45,2.25,2.28,116102
3117,2017-08-25,2.33,2.35,2.29,2.3203,66945
3118,2017-08-28,2.45,2.58,2.401,2.54,430570
3119,2017-08-29,2.64,2.65,2.47,2.52,403844
3120,2017-08-30,2.55,2.55,2.4,2.417,87048
3121,2017-08-31,2.41,2.4999,2.41,2.42,69564
3122,2017-09-01,2.41,2.48,2.41,2.47,111945
3123,2017-09-05,2.55,2.55,2.42,2.46,146484
3124,2017-09-06,2.45,2.46,2.35,2.42,125088
3125,2017-09-07,2.45,2.47,2.35,2.43,134491
3126,2017-09-08,2.45,2.45,2.39,2.39,117286
3127,2017-09-11,2.39,2.54,2.39,2.41,182074
3128,2017-09-12,2.42,2.47,2.41,2.47,92603
3129,2017-09-13,2.52,2.54,2.452,2.48,134299
3130,2017-09-14,2.49,2.53,2.44,2.46,129212
3131,2017-09-15,2.55,2.55,2.39,2.39,86026
3132,2017-09-18,2.42,2.4985,2.35,2.35,172867
3133,2017-09-19,2.4,2.4,2.2,2.22,358457
3134,2017-09-20,2.3,2.38,2.21,2.23,308733
3135,2017-09-21,2.26,2.3389,2.21,2.23,109588
3136,2017-09-22,2.25,2.31,2.24,2.26,49323
3137,2017-09-25,2.26,2.3,2.23,2.26,66789
3138,2017-09-26,2.27,2.27,2.2,2.2,112536
3139,2017-09-27,2.2,2.31,2.2,2.22,305428
3140,2017-09-28,2.2,2.27,2.2,2.26,73995
3141,2017-09-29,2.26,2.26,2.2,2.22,77705
3142,2017-10-02,2.22,2.2245,2.03,2.06,235815
3143,2017-10-03,2.04,2.06,1.81,1.84,454276
3144,2017-10-04,1.88,1.94,1.8701,1.91,113509
3145,2017-10-05,1.85,2.0,1.8,1.84,382699
3146,2017-10-06,1.86,1.8799,1.74,1.8,531001
3147,2017-10-09,1.81,1.83,1.71,1.76,238215
3148,2017-10-10,1.78,1.8,1.68,1.71,289791
3149,2017-10-11,1.67,1.77,1.63,1.75,377235
3150,2017-10-12,1.75,1.77,1.71,1.72,81457
3151,2017-10-13,1.74,1.75,1.65,1.681,152852
3152,2017-10-16,1.71,1.71,1.6111,1.67,225324
3153,2017-10-17,1.65,1.6618,1.5744,1.6,153899
3154,2017-10-18,1.6,1.6299,1.4,1.5234,309973
3155,2017-10-19,1.48,1.5,1.38,1.41,327896
3156,2017-10-20,1.4,1.51,1.31,1.35,499907
3157,2017-10-23,1.33,1.35,1.2,1.3,503508
3158,2017-10-24,1.29,1.38,1.23,1.26,212642
3159,2017-10-25,1.26,1.29,1.12,1.18,294156
3160,2017-10-26,1.19,1.24,1.11,1.11,227268
3161,2017-10-27,1.1,1.2525,1.1,1.13,262470
3162,2017-10-30,1.14,1.22,1.13,1.18,166953
3163,2017-10-31,1.16,1.22,1.16,1.2,144461
3164,2017-11-01,1.22,1.25,1.15,1.16,193848
3165,2017-11-02,1.16,1.19,1.08,1.1,152650
3166,2017-11-03,1.11,1.16,1.05,1.1,213499
3167,2017-11-06,1.11,1.48,1.11,1.44,852708
3168,2017-11-07,1.44,1.54,1.27,1.3436,491461
3169,2017-11-08,1.36,1.44,1.2801,1.3931,251076
3170,2017-11-09,1.39,1.39,1.2,1.24,116575
3171,2017-11-10,1.22,1.3,1.201,1.27,116454
