,Date,Open,High,Low,Close,Volume
0,2005-02-25,403.2,444.0,396.0,441.6,8027
1,2005-02-28,441.6,451.2,403.2,424.8,5098
2,2005-03-01,424.8,432.0,408.0,417.6,2699
3,2005-03-02,424.8,424.8,400.8,403.2,593
4,2005-03-03,403.2,405.6,369.6,388.8,2718
5,2005-03-04,386.4,403.2,386.4,398.4,2625
6,2005-03-07,400.8,403.2,388.8,391.2,3283
7,2005-03-08,393.6,410.4,388.8,388.8,2819
8,2005-03-09,388.8,393.6,369.6,372.0,752
9,2005-03-10,372.0,374.4,352.8,369.6,815
10,2005-03-11,364.8,374.4,364.8,372.0,133
11,2005-03-14,372.0,372.0,350.4,355.2,457
12,2005-03-15,355.2,369.6,352.8,369.6,632
13,2005-03-16,369.6,374.4,360.0,364.8,143
14,2005-03-17,360.0,393.6,360.0,374.4,1745
15,2005-03-18,393.6,422.4,376.8,417.6,7705
16,2005-03-21,429.6,429.6,393.6,405.6,2425
17,2005-03-22,410.4,429.6,393.6,398.4,1651
18,2005-03-23,408.0,408.0,364.8,364.8,1198
19,2005-03-24,369.6,379.2,355.2,364.8,545
20,2005-03-28,364.8,369.6,350.4,352.8,1022
21,2005-03-29,350.4,357.6,312.0,326.4,2345
22,2005-03-30,326.4,345.6,314.4,321.6,911
23,2005-03-31,326.4,345.6,321.6,326.4,801
24,2005-04-01,333.6,338.4,326.4,331.2,988
25,2005-04-04,336.0,345.6,331.2,340.8,684
26,2005-04-05,340.8,340.8,297.6,302.4,1211
27,2005-04-06,302.4,302.4,254.4,283.2,2592
28,2005-04-07,288.0,307.2,268.8,273.6,1092
29,2005-04-08,283.2,307.2,278.4,302.4,723
30,2005-04-11,297.6,312.0,276.0,278.4,2230
31,2005-04-12,273.6,283.2,244.8,264.0,2488
32,2005-04-13,264.0,264.0,244.8,249.6,1884
33,2005-04-14,254.4,254.4,187.2,240.0,3644
34,2005-04-15,220.8,232.8,201.6,206.4,1186
35,2005-04-18,206.4,216.0,172.8,192.0,1618
36,2005-04-19,177.6,225.6,177.6,211.2,553
37,2005-04-20,220.8,230.4,216.0,220.8,510
38,2005-04-21,220.8,283.2,220.8,264.0,1404
39,2005-04-22,268.8,268.8,244.8,249.6,453
40,2005-04-25,235.2,240.0,211.2,225.6,920
41,2005-04-26,211.2,225.6,206.4,220.8,1239
42,2005-04-27,216.0,249.6,216.0,240.0,1439
43,2005-04-28,240.0,254.4,220.8,235.2,1220
44,2005-04-29,225.6,240.0,225.6,230.4,442
45,2005-05-02,225.6,240.0,220.8,228.0,1174
46,2005-05-03,235.2,235.2,220.8,225.6,415
47,2005-05-04,232.8,232.8,218.4,218.4,450
48,2005-05-05,223.2,230.4,220.8,225.6,279
49,2005-05-06,228.0,230.4,220.8,228.0,231
50,2005-05-09,235.2,240.0,230.4,240.0,923
51,2005-05-10,249.6,259.2,242.4,249.6,595
52,2005-05-11,249.6,259.2,244.8,254.4,248
53,2005-05-12,249.6,249.6,223.2,225.6,704
54,2005-05-13,220.8,230.4,211.2,216.0,1138
55,2005-05-16,216.0,216.0,192.0,192.0,2003
56,2005-05-17,196.8,216.0,187.2,211.2,970
57,2005-05-18,216.0,249.6,216.0,244.8,2006
58,2005-05-19,249.6,249.6,225.6,225.6,193
59,2005-05-20,225.6,244.8,211.2,211.2,890
60,2005-05-23,211.2,220.8,201.6,201.6,84
61,2005-05-24,211.2,216.0,201.6,201.6,198
62,2005-05-25,211.2,220.8,187.2,220.8,964
63,2005-05-26,220.8,240.0,211.2,237.6,1047
64,2005-05-27,230.4,254.4,230.4,235.2,994
65,2005-05-31,235.2,244.8,225.6,225.6,665
66,2005-06-01,225.6,225.6,201.6,216.0,574
67,2005-06-02,216.0,240.0,211.2,225.6,189
68,2005-06-03,235.2,240.0,216.0,225.6,593
69,2005-06-06,225.6,240.0,223.2,225.6,112
70,2005-06-07,223.2,225.6,220.8,225.6,135
71,2005-06-08,230.4,244.8,220.8,240.0,342
72,2005-06-09,225.6,237.6,220.8,225.6,93
73,2005-06-10,230.4,230.4,225.6,230.4,115
74,2005-06-13,235.2,235.2,225.6,230.4,108
75,2005-06-14,230.4,230.4,225.6,230.4,70
76,2005-06-15,230.4,273.6,230.4,254.4,2133
77,2005-06-16,264.0,278.4,264.0,268.8,374
78,2005-06-17,264.0,264.0,259.2,261.6,387
79,2005-06-20,264.0,268.8,261.6,264.0,232
80,2005-06-21,264.0,278.4,264.0,268.8,547
81,2005-06-22,268.8,273.6,264.0,268.8,436
82,2005-06-23,264.0,268.8,264.0,264.0,433
83,2005-06-24,264.0,264.0,240.0,240.0,1067
84,2005-06-27,240.0,244.8,220.8,220.8,482
85,2005-06-28,225.6,225.6,216.0,220.8,655
86,2005-06-29,225.6,225.6,218.4,220.8,735
87,2005-06-30,225.6,225.6,220.8,220.8,98
88,2005-07-01,225.6,228.0,225.6,228.0,15
89,2005-07-05,230.4,244.8,230.4,235.2,400
90,2005-07-06,237.6,237.6,232.8,232.8,587
91,2005-07-07,230.4,268.8,211.2,220.8,932
92,2005-07-08,220.8,220.8,211.2,211.2,109
93,2005-07-11,211.2,216.0,192.0,201.6,956
94,2005-07-12,201.6,208.8,192.0,201.6,293
95,2005-07-13,199.2,220.8,199.2,216.0,756
96,2005-07-14,216.0,235.2,212.4,225.6,1332
97,2005-07-15,230.4,240.0,225.6,240.0,1932
98,2005-07-18,244.8,244.8,235.2,237.6,529
99,2005-07-19,237.6,249.6,230.4,244.8,1371
100,2005-07-20,244.8,266.4,244.8,249.6,1372
101,2005-07-21,266.4,271.2,254.4,268.8,2290
102,2005-07-22,268.8,326.4,268.8,302.4,2182
103,2005-07-25,307.2,316.8,288.0,288.0,1193
104,2005-07-26,292.8,292.8,273.6,288.0,2691
105,2005-07-27,288.0,288.0,273.6,278.4,235
106,2005-07-28,288.0,321.6,283.2,300.0,1120
107,2005-07-29,297.6,336.0,292.8,324.0,2450
108,2005-08-01,321.6,321.6,273.6,278.4,1292
109,2005-08-02,276.0,302.4,276.0,297.6,716
110,2005-08-03,290.4,300.0,288.0,288.0,1079
111,2005-08-04,288.0,292.8,252.0,268.8,777
112,2005-08-05,273.6,302.4,273.6,292.8,709
113,2005-08-08,288.0,292.8,273.6,278.4,405
114,2005-08-09,283.2,283.2,255.6,268.8,579
115,2005-08-10,278.4,288.0,268.8,273.6,291
116,2005-08-11,273.6,302.4,273.6,288.0,756
117,2005-08-12,292.8,312.0,283.2,312.0,1987
118,2005-08-15,316.8,343.2,312.0,331.2,4363
119,2005-08-16,336.0,338.4,326.4,336.0,1519
120,2005-08-17,336.0,336.0,316.8,321.6,1719
121,2005-08-18,321.6,331.2,297.6,307.2,1047
122,2005-08-19,302.4,321.6,302.4,307.2,795
123,2005-08-22,316.8,316.8,297.6,302.4,473
124,2005-08-23,302.4,316.8,296.4,316.8,739
125,2005-08-24,319.2,338.4,309.6,333.6,3233
126,2005-08-25,336.0,374.4,336.0,364.8,2903
127,2005-08-26,369.6,391.2,364.8,369.6,3527
128,2005-08-29,379.2,388.8,364.8,384.0,2137
129,2005-08-30,384.0,388.8,374.4,384.0,719
130,2005-08-31,384.0,408.0,379.2,403.2,1103
131,2005-09-01,403.2,403.2,384.0,384.0,2125
132,2005-09-02,384.0,398.4,369.6,384.0,1971
133,2005-09-06,379.2,393.6,374.4,384.0,3916
134,2005-09-07,374.4,384.0,374.4,384.0,687
135,2005-09-08,376.8,403.2,374.4,398.4,1739
136,2005-09-09,403.2,408.0,384.0,403.2,784
137,2005-09-12,398.4,403.2,384.0,398.4,284
138,2005-09-13,391.2,398.4,388.8,393.6,1235
139,2005-09-14,393.6,451.2,393.6,408.0,2731
140,2005-09-15,417.6,432.0,398.4,398.4,357
141,2005-09-16,398.4,408.0,393.6,408.0,697
142,2005-09-19,412.8,417.6,403.2,408.0,2378
143,2005-09-20,408.0,412.8,403.2,408.0,1156
144,2005-09-21,400.8,412.8,398.4,408.0,1165
145,2005-09-22,403.2,408.0,403.2,408.0,847
146,2005-09-23,403.2,412.8,403.2,408.0,1012
147,2005-09-26,408.0,408.0,398.4,398.4,1086
148,2005-09-27,398.4,403.2,388.8,388.8,1705
149,2005-09-28,374.4,379.2,328.8,336.0,3756
150,2005-09-29,336.0,364.8,326.4,352.8,1651
151,2005-09-30,352.8,374.4,352.8,369.6,776
152,2005-10-03,350.4,393.6,345.6,388.8,1019
153,2005-10-04,388.8,393.6,379.2,393.6,160
154,2005-10-05,384.0,393.6,364.8,379.2,527
155,2005-10-06,369.6,379.2,340.8,374.4,2147
156,2005-10-07,369.6,374.4,345.6,360.0,250
157,2005-10-10,350.4,355.2,345.6,350.4,236
158,2005-10-11,350.4,350.4,336.0,340.8,268
159,2005-10-12,331.2,340.8,302.4,312.0,546
160,2005-10-13,316.8,324.0,312.0,324.0,838
161,2005-10-14,326.4,326.4,307.2,316.8,375
162,2005-10-17,321.6,321.6,312.0,316.8,211
163,2005-10-18,326.4,338.4,326.4,326.4,346
164,2005-10-19,326.4,326.4,297.6,307.2,499
165,2005-10-20,302.4,307.2,288.0,290.4,530
166,2005-10-21,298.8,302.4,292.8,297.6,260
167,2005-10-24,300.0,312.0,297.6,302.4,172
168,2005-10-25,302.4,307.2,300.0,300.0,186
169,2005-10-26,302.4,302.4,292.8,297.6,148
170,2005-10-27,292.8,307.2,292.8,297.6,180
171,2005-10-28,297.6,304.8,297.6,304.8,21
172,2005-10-31,307.2,312.0,297.6,297.6,429
173,2005-11-01,297.6,328.8,297.6,316.8,491
174,2005-11-02,326.4,340.8,321.6,336.0,666
175,2005-11-03,336.0,340.8,328.8,336.0,476
176,2005-11-04,336.0,336.0,321.6,331.2,122
177,2005-11-07,331.2,331.2,312.0,316.8,157
178,2005-11-08,333.6,340.8,316.8,326.4,803
179,2005-11-09,321.6,336.0,321.6,326.4,569
180,2005-11-10,331.2,331.2,297.6,321.6,76
181,2005-11-11,321.6,321.6,297.6,316.8,144
182,2005-11-14,321.6,321.6,288.0,290.4,1037
183,2005-11-15,288.0,292.8,288.0,288.0,2082
184,2005-11-16,288.0,292.8,283.2,288.0,733
185,2005-11-17,292.8,292.8,278.4,282.0,477
186,2005-11-18,283.2,288.0,259.2,288.0,1435
187,2005-11-21,297.6,297.6,268.8,268.8,1378
188,2005-11-22,273.6,285.6,264.0,264.0,1205
189,2005-11-23,266.4,302.4,266.4,302.4,2723
190,2005-11-25,297.6,297.6,292.8,297.6,46
191,2005-11-28,297.6,302.4,288.0,302.4,187
192,2005-11-29,297.6,302.4,292.8,292.8,865
193,2005-11-30,297.6,300.0,288.0,288.0,423
194,2005-12-01,290.4,290.4,285.6,290.4,2620
195,2005-12-02,290.4,290.4,288.0,290.4,1244
196,2005-12-05,290.4,297.6,288.0,295.2,695
197,2005-12-06,297.6,345.6,295.2,338.4,2072
198,2005-12-07,338.4,369.6,336.0,360.0,1365
199,2005-12-08,360.0,379.2,345.6,364.8,4506
200,2005-12-09,374.4,374.4,350.4,360.0,392
201,2005-12-12,355.2,355.2,348.0,350.4,124
202,2005-12-13,355.2,355.2,336.0,343.2,486
203,2005-12-14,340.8,360.0,321.6,336.0,897
204,2005-12-15,336.0,350.4,336.0,336.0,202
205,2005-12-16,345.6,345.6,328.8,336.0,1073
206,2005-12-19,345.6,345.6,336.0,336.0,493
207,2005-12-20,331.2,336.0,314.4,321.6,560
208,2005-12-21,316.8,324.0,316.8,321.6,541
209,2005-12-22,316.8,331.2,316.8,331.2,939
210,2005-12-23,336.0,345.6,321.6,321.6,452
211,2005-12-27,331.2,336.0,316.8,331.2,828
212,2005-12-28,326.4,326.4,312.0,316.8,967
213,2005-12-29,312.0,331.2,302.4,331.2,1330
214,2005-12-30,336.0,336.0,316.8,316.8,848
215,2006-01-03,321.6,384.0,321.6,374.4,2039
216,2006-01-04,379.2,388.8,364.8,388.8,2006
217,2006-01-05,388.8,403.2,374.4,374.4,2528
218,2006-01-06,379.2,388.8,360.0,388.8,501
219,2006-01-09,393.6,470.4,393.6,456.0,9436
220,2006-01-10,465.6,465.6,422.4,441.6,3860
221,2006-01-11,451.2,489.6,441.6,484.8,7532
222,2006-01-12,489.6,547.2,484.8,530.4,10388
223,2006-01-13,547.2,547.2,475.2,484.8,4633
224,2006-01-17,492.0,604.8,492.0,564.0,16148
225,2006-01-18,556.8,643.2,552.0,571.2,6428
226,2006-01-19,595.2,600.0,537.6,556.8,4291
227,2006-01-20,556.8,556.8,494.4,528.0,1684
228,2006-01-23,580.8,600.0,547.2,580.8,10000
229,2006-01-24,621.6,676.8,595.2,652.8,9140
230,2006-01-25,669.6,681.6,614.4,628.8,4987
231,2006-01-26,636.0,643.2,624.0,626.4,2836
232,2006-01-27,638.4,676.8,633.6,672.0,3219
233,2006-01-30,705.6,710.4,652.8,667.2,3611
234,2006-01-31,681.6,681.6,645.6,660.0,2363
235,2006-02-01,672.0,681.6,600.0,619.2,3712
236,2006-02-02,624.0,628.8,576.0,614.4,2504
237,2006-02-03,609.6,628.8,600.0,628.8,744
238,2006-02-06,633.6,662.4,628.8,633.6,984
239,2006-02-07,638.4,638.4,595.2,595.2,2028
240,2006-02-08,604.8,604.8,552.0,571.2,2941
241,2006-02-09,580.8,600.0,576.0,580.8,979
242,2006-02-10,600.0,600.0,556.8,561.6,610
243,2006-02-13,576.0,590.4,504.0,523.2,1530
244,2006-02-14,513.6,547.2,508.8,518.4,1655
245,2006-02-15,520.8,523.2,480.0,487.2,2778
246,2006-02-16,484.8,566.4,484.8,566.4,1697
247,2006-02-17,561.6,604.8,528.0,590.4,1724
248,2006-02-21,600.0,628.8,600.0,624.0,1868
249,2006-02-22,633.6,655.2,614.4,638.4,1626
250,2006-02-23,648.0,648.0,614.4,619.2,1323
251,2006-02-24,638.4,638.4,600.0,614.4,916
252,2006-02-27,619.2,624.0,600.0,614.4,459
253,2006-02-28,619.2,619.2,576.0,590.4,1658
254,2006-03-01,604.8,614.4,585.6,609.6,1866
255,2006-03-02,614.4,672.0,604.8,662.4,3732
256,2006-03-03,672.0,724.8,672.0,705.6,4001
257,2006-03-06,734.4,787.2,715.2,729.6,5569
258,2006-03-07,753.6,753.6,676.8,691.2,2041
259,2006-03-08,686.4,686.4,624.0,643.2,1661
260,2006-03-09,652.8,715.2,643.2,667.2,1620
261,2006-03-10,681.6,681.6,648.0,662.4,455
262,2006-03-13,662.4,676.8,648.0,672.0,496
263,2006-03-14,681.6,758.4,676.8,748.8,3554
264,2006-03-15,748.8,892.8,744.0,866.4,9968
265,2006-03-16,878.4,892.8,820.8,844.8,4833
266,2006-03-17,840.0,844.8,777.6,806.4,1745
267,2006-03-20,806.4,859.2,796.8,808.8,1698
268,2006-03-21,830.4,844.8,806.4,837.6,2130
269,2006-03-22,844.8,854.4,825.6,849.6,1136
270,2006-03-23,859.2,950.4,849.6,902.4,6542
271,2006-03-24,931.2,950.4,902.4,912.0,5197
272,2006-03-27,945.6,945.6,912.0,921.6,1972
273,2006-03-28,921.6,945.6,892.8,897.6,2699
274,2006-03-29,888.0,931.2,883.2,912.0,1302
275,2006-03-30,897.6,916.8,835.2,835.2,3703
276,2006-03-31,835.2,936.0,681.6,897.6,4407
277,2006-04-03,931.2,938.4,835.2,835.2,3963
278,2006-04-04,849.6,916.8,801.6,912.0,5163
279,2006-04-05,919.2,931.2,864.0,864.0,1702
280,2006-04-06,868.8,888.0,777.6,782.4,4371
281,2006-04-07,784.8,830.4,784.8,792.0,3401
282,2006-04-10,816.0,840.0,796.8,806.4,1842
283,2006-04-11,840.0,950.4,777.6,777.6,1472
284,2006-04-12,774.0,774.0,722.4,752.4,3643
285,2006-04-13,750.0,756.0,723.6,730.8,3075
286,2006-04-17,726.0,832.8,724.8,793.2,3026
287,2006-04-18,810.0,888.0,804.0,810.0,3816
288,2006-04-19,856.8,856.8,810.0,816.0,2215
289,2006-04-20,792.0,792.0,724.8,780.0,2946
290,2006-04-21,766.8,840.0,766.8,840.0,1433
291,2006-04-24,840.0,867.6,816.0,829.2,1236
292,2006-04-25,864.0,864.0,795.6,801.6,1617
293,2006-04-26,822.0,822.0,792.0,810.0,1018
294,2006-04-27,805.2,810.0,762.0,768.0,949
295,2006-04-28,766.8,780.0,750.0,770.4,827
296,2006-05-01,790.8,804.0,757.2,758.4,1617
297,2006-05-02,762.0,762.0,672.0,696.0,4461
298,2006-05-03,666.0,693.6,613.2,645.6,5611
299,2006-05-04,632.4,742.8,631.2,706.8,2781
300,2006-05-05,734.4,816.0,720.0,806.4,2914
301,2006-05-08,816.0,862.8,816.0,852.0,1904
302,2006-05-09,864.0,886.8,858.0,868.8,3060
303,2006-05-10,868.8,876.0,795.6,864.0,1980
304,2006-05-11,840.0,876.0,780.0,792.0,1769
305,2006-05-12,804.0,822.0,780.0,804.0,1541
306,2006-05-15,758.4,804.0,758.4,771.6,2332
307,2006-05-16,756.0,758.4,720.0,726.0,2426
308,2006-05-17,732.0,744.0,711.6,720.0,2537
309,2006-05-18,717.6,720.0,678.0,690.0,3896
310,2006-05-19,690.0,706.8,662.4,705.6,3712
311,2006-05-22,706.8,706.8,660.0,669.6,1690
312,2006-05-23,672.0,732.0,669.6,720.0,1863
313,2006-05-24,687.6,708.0,612.0,667.2,3466
314,2006-05-25,672.0,708.0,648.0,708.0,1050
315,2006-05-26,696.0,696.0,662.4,678.0,975
316,2006-05-30,706.8,706.8,620.4,636.0,2215
317,2006-05-31,624.0,662.4,612.0,630.0,2765
318,2006-06-01,630.0,630.0,604.8,618.0,1508
319,2006-06-02,616.8,648.0,606.0,642.0,1148
320,2006-06-05,660.0,660.0,630.0,642.0,801
321,2006-06-06,642.0,642.0,602.4,615.6,2469
322,2006-06-07,615.6,616.8,602.4,612.0,865
323,2006-06-08,615.6,615.6,564.0,600.0,3169
324,2006-06-09,600.0,624.0,583.2,606.0,637
325,2006-06-12,597.6,606.0,576.0,582.0,2150
326,2006-06-13,550.8,560.4,540.0,552.0,3311
327,2006-06-14,552.0,576.0,540.0,576.0,724
328,2006-06-15,576.0,630.0,570.0,625.2,2264
329,2006-06-16,630.0,672.0,625.2,660.0,564
330,2006-06-19,660.0,660.0,582.0,618.0,978
331,2006-06-20,630.0,630.0,594.0,600.0,822
332,2006-06-21,600.0,654.0,600.0,624.0,1080
333,2006-06-22,634.8,642.0,624.0,636.0,959
334,2006-06-23,642.0,642.0,601.2,608.4,1438
335,2006-06-26,614.4,636.0,582.0,608.4,935
336,2006-06-27,594.0,618.0,576.0,598.8,1547
337,2006-06-28,594.0,624.0,594.0,621.6,778
338,2006-06-29,618.0,640.8,612.0,636.0,901
339,2006-06-30,636.0,636.0,600.0,613.2,669
340,2006-07-03,613.2,630.0,609.6,624.0,244
341,2006-07-05,625.2,639.6,582.0,636.0,952
342,2006-07-06,612.0,636.0,612.0,636.0,591
343,2006-07-07,636.0,636.0,612.0,618.0,250
344,2006-07-10,594.0,624.0,594.0,600.0,977
345,2006-07-11,594.0,601.2,594.0,601.2,424
346,2006-07-12,600.0,619.2,600.0,609.6,331
347,2006-07-13,619.2,624.0,594.0,624.0,865
348,2006-07-14,624.0,625.2,576.0,618.0,1345
349,2006-07-17,600.0,612.0,583.2,600.0,1301
350,2006-07-18,588.0,596.4,582.0,594.0,863
351,2006-07-19,582.0,618.0,582.0,609.6,815
352,2006-07-20,600.0,604.8,576.0,600.0,1174
353,2006-07-21,600.0,600.0,552.0,582.0,1705
354,2006-07-24,582.0,582.0,546.0,567.6,1029
355,2006-07-25,576.0,588.0,576.0,578.4,723
356,2006-07-26,578.4,594.0,546.0,594.0,583
357,2006-07-27,594.0,594.0,570.0,594.0,335
358,2006-07-28,594.0,597.6,564.0,597.6,350
359,2006-07-31,571.2,588.0,561.6,588.0,364
360,2006-08-01,597.6,606.0,583.2,594.0,306
361,2006-08-02,600.0,600.0,576.0,577.2,1442
362,2006-08-03,571.2,588.0,566.4,576.0,392
363,2006-08-04,582.0,588.0,576.0,582.0,303
364,2006-08-07,564.0,577.2,528.0,573.6,3310
365,2006-08-08,573.6,573.6,542.4,549.6,1685
366,2006-08-09,546.0,546.0,507.6,524.4,3747
367,2006-08-10,524.4,528.0,477.6,524.4,1969
368,2006-08-11,517.2,534.0,506.4,513.6,1976
369,2006-08-14,522.0,552.0,507.6,528.0,595
370,2006-08-15,510.0,546.0,498.0,504.0,558
371,2006-08-16,498.0,534.0,498.0,531.6,521
372,2006-08-17,531.6,540.0,516.0,528.0,337
373,2006-08-18,530.4,530.4,504.0,510.0,172
374,2006-08-21,510.0,528.0,495.6,510.0,500
375,2006-08-22,501.6,522.0,501.6,504.0,340
376,2006-08-23,504.0,510.0,495.6,510.0,241
377,2006-08-24,504.0,513.6,504.0,510.0,369
378,2006-08-25,516.0,550.8,510.0,531.6,328
379,2006-08-28,550.8,550.8,528.0,531.6,1870
380,2006-08-29,522.0,522.0,498.0,508.8,411
381,2006-08-30,514.8,514.8,486.0,498.0,821
382,2006-08-31,502.8,546.0,499.2,528.0,372
383,2006-09-01,528.0,546.0,522.0,546.0,263
384,2006-09-05,528.0,546.0,516.0,526.8,207
385,2006-09-06,516.0,528.0,492.0,504.0,500
386,2006-09-07,506.4,506.4,492.0,498.0,552
387,2006-09-08,493.2,513.6,493.2,510.0,228
388,2006-09-11,498.0,501.6,489.6,498.0,1265
389,2006-09-12,489.6,514.8,489.6,500.4,1057
390,2006-09-13,504.0,510.0,495.6,498.0,776
391,2006-09-14,510.0,525.6,506.4,512.4,337
392,2006-09-15,512.4,512.4,493.2,498.0,679
393,2006-09-18,492.0,498.0,490.8,492.0,650
394,2006-09-19,492.0,498.0,486.0,486.0,1306
395,2006-09-20,463.2,463.2,216.0,219.6,60675
396,2006-09-21,229.2,306.0,229.2,301.2,17226
397,2006-09-22,301.2,320.4,222.0,267.6,10325
398,2006-09-25,260.4,271.2,255.6,270.0,7295
399,2006-09-26,268.8,330.0,260.4,312.0,8690
400,2006-09-27,330.0,384.0,318.0,344.4,5565
401,2006-09-28,348.0,378.0,337.2,372.0,5469
402,2006-09-29,370.8,390.0,354.0,354.0,2861
403,2006-10-02,354.0,372.0,334.8,352.8,419
404,2006-10-03,348.0,366.0,312.0,356.4,1194
405,2006-10-04,350.4,352.8,319.2,322.8,3029
406,2006-10-05,314.4,387.6,297.6,378.0,7104
407,2006-10-06,378.0,388.8,356.4,372.0,1242
408,2006-10-09,368.4,372.0,328.8,336.0,1439
409,2006-10-10,331.2,340.8,326.4,336.0,565
410,2006-10-11,336.0,342.0,318.0,318.0,1404
411,2006-10-12,318.0,318.0,270.0,301.2,5128
412,2006-10-13,301.2,336.0,300.0,334.8,1255
413,2006-10-16,343.2,366.0,324.0,324.0,1274
414,2006-10-17,330.0,330.0,319.2,324.0,890
415,2006-10-18,322.8,328.8,313.2,328.8,707
416,2006-10-19,328.8,331.2,322.8,327.6,567
417,2006-10-20,327.6,331.2,327.6,327.6,433
418,2006-10-23,324.0,345.6,307.2,336.0,2472
419,2006-10-24,339.6,366.0,338.4,360.0,6881
420,2006-10-25,355.2,378.0,348.0,375.6,3788
421,2006-10-26,378.0,426.0,378.0,421.2,4130
422,2006-10-27,426.0,428.4,396.0,399.6,1935
423,2006-10-30,402.0,418.8,366.0,390.0,1009
424,2006-10-31,393.6,460.8,393.6,446.4,7311
425,2006-11-01,456.0,477.6,435.6,448.8,8680
426,2006-11-02,448.8,576.0,439.2,576.0,21940
427,2006-11-03,579.6,579.6,511.2,547.2,9149
428,2006-11-06,553.2,560.4,540.0,550.8,4267
429,2006-11-07,549.6,627.6,549.6,606.0,8384
430,2006-11-08,609.6,625.2,589.2,622.8,3621
431,2006-11-09,621.6,621.6,609.6,616.8,1185
432,2006-11-10,612.0,810.0,610.8,660.0,15961
433,2006-11-13,666.0,708.0,651.6,674.4,5927
434,2006-11-14,682.8,736.8,672.0,717.6,12367
435,2006-11-15,726.0,726.0,690.0,715.2,9901
436,2006-11-16,712.8,718.8,704.4,714.0,4896
437,2006-11-17,718.8,723.6,704.4,716.4,3056
438,2006-11-20,718.8,798.0,714.0,771.6,4430
439,2006-11-21,771.6,810.0,758.4,762.0,3232
440,2006-11-22,768.0,804.0,766.8,798.0,4375
441,2006-11-24,800.4,800.4,768.0,769.2,1889
442,2006-11-27,774.0,780.0,765.6,768.0,1616
443,2006-11-28,762.0,763.2,672.0,744.0,8019
444,2006-11-29,729.6,811.2,729.6,788.4,5565
445,2006-11-30,792.0,844.8,792.0,823.2,7917
446,2006-12-01,825.6,838.8,780.0,796.8,2363
447,2006-12-04,810.0,816.0,801.6,804.0,1969
448,2006-12-05,805.2,828.0,783.6,816.0,2807
449,2006-12-06,824.4,824.4,814.8,817.2,2507
450,2006-12-07,822.0,822.0,786.0,794.4,1264
451,2006-12-08,792.0,792.0,768.0,769.2,975
452,2006-12-11,757.2,780.0,708.0,715.2,3251
453,2006-12-12,717.6,717.6,669.6,708.0,1462
454,2006-12-13,720.0,732.0,704.4,718.8,688
455,2006-12-14,718.8,736.8,714.0,732.0,685
456,2006-12-15,741.6,750.0,720.0,726.0,683
457,2006-12-18,726.0,774.0,702.0,732.0,5041
458,2006-12-19,732.0,756.0,710.4,710.4,2492
459,2006-12-20,702.0,720.0,696.0,696.0,1848
460,2006-12-21,694.8,697.2,663.6,666.0,4435
461,2006-12-22,648.0,690.0,644.4,664.8,2007
462,2006-12-26,666.0,666.0,660.0,666.0,751
463,2006-12-27,663.6,670.8,657.6,666.0,1060
464,2006-12-28,668.4,672.0,648.0,666.0,1871
465,2006-12-29,670.8,720.0,666.0,696.0,1134
466,2007-01-03,690.0,716.4,684.0,691.2,3507
467,2007-01-04,690.0,696.0,642.0,666.0,1373
468,2007-01-05,660.0,666.0,618.0,654.0,1701
469,2007-01-08,654.0,654.0,645.6,648.0,393
470,2007-01-09,660.0,666.0,615.6,660.0,2107
471,2007-01-10,672.0,690.0,614.4,630.0,1950
472,2007-01-11,630.0,648.0,624.0,642.0,889
473,2007-01-12,648.0,648.0,628.8,630.0,1138
474,2007-01-16,630.0,633.6,570.0,576.0,4757
475,2007-01-17,574.8,600.0,570.0,583.2,2558
476,2007-01-18,586.8,586.8,504.0,549.6,2412
477,2007-01-19,559.2,562.8,480.0,550.8,2456
478,2007-01-22,560.4,560.4,534.0,537.6,757
479,2007-01-23,536.4,612.0,535.2,600.0,3198
480,2007-01-24,603.6,630.0,596.4,630.0,2324
481,2007-01-25,630.0,630.0,592.8,600.0,892
482,2007-01-26,594.0,630.0,582.0,624.0,1328
483,2007-01-29,630.0,678.0,624.0,642.0,2061
484,2007-01-30,646.8,672.0,642.0,666.0,2706
485,2007-01-31,672.0,702.0,672.0,684.0,3852
486,2007-02-01,705.6,720.0,675.6,684.0,2881
487,2007-02-02,688.8,688.8,648.0,660.0,1876
488,2007-02-05,636.0,654.0,614.4,624.0,1816
489,2007-02-06,624.0,642.0,598.8,630.0,1992
490,2007-02-07,633.6,663.6,630.0,655.2,3222
491,2007-02-08,648.0,652.8,636.0,642.0,1506
492,2007-02-09,642.0,644.4,519.6,546.0,11663
493,2007-02-12,535.2,606.0,528.0,591.6,3440
494,2007-02-13,597.6,603.6,594.0,596.4,1920
495,2007-02-14,596.4,597.6,565.2,579.6,1296
496,2007-02-15,570.0,576.0,542.4,546.0,2649
497,2007-02-16,542.4,573.6,542.4,564.0,2228
498,2007-02-20,565.2,570.0,552.0,560.4,1867
499,2007-02-21,549.6,558.0,517.2,528.0,4132
500,2007-02-22,528.0,652.8,525.6,648.0,8557
501,2007-02-23,681.6,726.0,680.4,696.0,9017
502,2007-02-26,715.2,759.6,714.0,717.6,7034
503,2007-02-27,702.0,703.2,613.2,642.0,5963
504,2007-02-28,640.8,669.6,618.0,666.0,2248
505,2007-03-01,654.0,670.8,619.2,657.6,2181
506,2007-03-02,645.6,654.0,630.0,642.0,2082
507,2007-03-05,746.4,747.6,672.0,694.8,11033
508,2007-03-06,732.0,756.0,727.2,750.0,9652
509,2007-03-07,758.4,820.8,750.0,812.4,8219
510,2007-03-08,840.0,976.8,826.8,909.6,14781
511,2007-03-09,918.0,919.2,829.2,846.0,6566
512,2007-03-12,849.6,918.0,846.0,916.8,4252
513,2007-03-13,922.8,926.4,828.0,862.8,4210
514,2007-03-14,849.6,862.8,824.4,840.0,4479
515,2007-03-15,856.8,912.0,849.6,861.6,2935
516,2007-03-16,874.8,954.0,867.6,930.0,5764
517,2007-03-19,948.0,1053.6,936.0,1004.4,12008
518,2007-03-20,1021.2,1034.4,974.4,986.4,5001
519,2007-03-21,985.2,996.0,939.6,978.0,2753
520,2007-03-22,957.6,980.4,949.2,979.2,2345
521,2007-03-23,980.4,1078.8,978.0,1050.0,5706
522,2007-03-26,1074.0,1092.0,1039.2,1050.0,7921
523,2007-03-27,1050.0,1051.2,980.4,985.2,4903
524,2007-03-28,985.2,996.0,930.0,958.8,3600
525,2007-03-29,972.0,975.6,933.6,961.2,4753
526,2007-03-30,960.0,987.6,936.0,978.0,2811
527,2007-04-02,982.8,982.8,943.2,960.0,1858
528,2007-04-03,972.0,1038.0,960.0,1038.0,3258
529,2007-04-04,1036.8,1084.8,1002.0,1068.0,5546
530,2007-04-05,1062.0,1116.0,1041.6,1110.0,4452
531,2007-04-09,1128.0,1134.0,1068.0,1128.0,7173
532,2007-04-10,1137.6,1182.0,1110.0,1110.0,4674
533,2007-04-11,1140.0,1206.0,1122.0,1176.0,7726
534,2007-04-12,1200.0,1230.0,1134.0,1200.0,5805
535,2007-04-13,1230.0,1230.0,1160.4,1201.2,4475
536,2007-04-16,1246.8,1294.8,1212.0,1278.0,8279
537,2007-04-17,1296.0,1312.8,1216.8,1219.2,6523
538,2007-04-18,1215.6,1215.6,1104.0,1152.0,5843
539,2007-04-19,1128.0,1129.2,1092.0,1110.0,5604
540,2007-04-20,1140.0,1234.8,1119.6,1197.6,7002
541,2007-04-23,1252.8,1252.8,1176.0,1185.6,4092
542,2007-04-24,1198.8,1198.8,1136.4,1144.8,3660
543,2007-04-25,1138.8,1208.4,1138.8,1197.6,4097
544,2007-04-26,1198.8,1233.6,1176.0,1201.2,2619
545,2007-04-27,1178.4,1207.2,1161.6,1196.4,3342
546,2007-04-30,1200.0,1227.6,1170.0,1172.4,3563
547,2007-05-01,1182.0,1182.0,1056.0,1076.4,6359
548,2007-05-02,1072.8,1142.4,1070.4,1135.2,2794
549,2007-05-03,1146.0,1146.0,1100.4,1113.6,2756
550,2007-05-04,1141.2,1150.8,1128.0,1144.8,3690
551,2007-05-07,1144.8,1213.2,1144.8,1188.0,7015
552,2007-05-08,1222.8,1222.8,1153.2,1192.8,5450
553,2007-05-09,1216.8,1221.6,1183.2,1200.0,2504
554,2007-05-10,1202.4,1209.6,1134.0,1146.0,5271
555,2007-05-11,1189.2,1209.6,1128.0,1160.4,5061
556,2007-05-14,1176.0,1176.0,1098.0,1119.6,4580
557,2007-05-15,1092.0,1122.0,1074.0,1080.0,4325
558,2007-05-16,1077.6,1083.6,960.0,996.0,10687
559,2007-05-17,984.0,1015.2,963.6,1002.0,4971
560,2007-05-18,997.2,1066.8,997.2,1060.8,4265
561,2007-05-21,1068.0,1122.0,1068.0,1104.0,4236
562,2007-05-22,1104.0,1128.0,1104.0,1116.0,2704
563,2007-05-23,1138.8,1178.4,1134.0,1161.6,5320
564,2007-05-24,1119.6,1161.6,1028.4,1081.2,7413
565,2007-05-25,1087.2,1125.6,1087.2,1101.6,2094
566,2007-05-29,1101.6,1125.6,1087.2,1096.8,2100
567,2007-05-30,1069.2,1207.2,1068.0,1197.6,7161
568,2007-05-31,1196.4,1203.6,1168.8,1184.4,4330
569,2007-06-01,1200.0,1224.0,1192.8,1195.2,3568
570,2007-06-04,1225.2,1440.0,1200.0,1417.2,13220
571,2007-06-05,1410.0,1416.0,1333.2,1353.6,9127
572,2007-06-06,1344.0,1353.6,1262.4,1280.4,6511
573,2007-06-07,1261.2,1297.2,1162.8,1183.2,7278
574,2007-06-08,1183.2,1210.8,1134.0,1197.6,4697
575,2007-06-11,1210.8,1227.6,1197.6,1221.6,3059
576,2007-06-12,1209.6,1214.4,1158.0,1174.8,4936
577,2007-06-13,1180.8,1206.0,1179.6,1195.2,3290
578,2007-06-14,1196.4,1270.8,1176.0,1250.4,4022
579,2007-06-15,1261.2,1310.4,1261.2,1305.6,5246
580,2007-06-18,1327.2,1365.6,1317.6,1352.4,6763
581,2007-06-19,1368.0,1368.0,1306.8,1346.4,3751
582,2007-06-20,1356.0,1410.0,1338.0,1347.6,4787
583,2007-06-21,1345.2,1354.8,1299.6,1332.0,4712
584,2007-06-22,1316.4,1332.0,1294.8,1332.0,57444
585,2007-06-25,1298.4,1336.8,1263.6,1290.0,5477
586,2007-06-26,1298.4,1308.0,1212.0,1237.2,6124
587,2007-06-27,1213.2,1279.2,1198.8,1278.0,4488
588,2007-06-28,1284.0,1338.0,1273.2,1311.6,4287
589,2007-06-29,1318.8,1368.0,1318.8,1323.6,6295
590,2007-07-02,1330.8,1357.2,1260.0,1266.0,8098
591,2007-07-03,1260.0,1270.8,1203.6,1218.0,4592
592,2007-07-05,1213.2,1278.0,1213.2,1269.6,5924
593,2007-07-06,1278.0,1294.8,1240.8,1266.0,2551
594,2007-07-09,1266.0,1278.0,1204.8,1236.0,5648
595,2007-07-10,1206.0,1273.2,1200.0,1239.6,5295
596,2007-07-11,1239.6,1269.6,1221.6,1228.8,2892
597,2007-07-12,1239.6,1364.4,1236.0,1358.4,9166
598,2007-07-13,1368.0,1378.8,1308.0,1351.2,4866
599,2007-07-16,1336.8,1342.8,1215.6,1243.2,10659
600,2007-07-17,1268.4,1290.0,1238.4,1267.2,5993
601,2007-07-18,1256.4,1274.4,1236.0,1270.8,4147
602,2007-07-19,1294.8,1332.0,1248.0,1264.8,4538
603,2007-07-20,1262.4,1262.4,1213.2,1222.8,4636
604,2007-07-23,1227.6,1251.6,1222.8,1234.8,3230
605,2007-07-24,1215.6,1230.0,1114.8,1143.6,9615
606,2007-07-25,1142.4,1173.6,1072.8,1116.0,6802
607,2007-07-26,1099.2,1099.2,1016.4,1077.6,9270
608,2007-07-27,1072.8,1087.2,1014.0,1046.4,6129
609,2007-07-30,1052.4,1076.4,1018.8,1075.2,4094
610,2007-07-31,1092.0,1132.8,1060.8,1069.2,5999
611,2007-08-01,1051.2,1080.0,1024.8,1059.6,4942
612,2007-08-02,1068.0,1082.4,1036.8,1057.2,2120
613,2007-08-03,1057.2,1070.4,1004.4,1016.4,3728
614,2007-08-06,990.0,1057.2,920.4,1052.4,6132
615,2007-08-07,1048.8,1092.0,1014.0,1068.0,3871
616,2007-08-08,1080.0,1182.0,1065.6,1142.4,7582
617,2007-08-09,1142.4,1278.0,1123.2,1142.4,9673
618,2007-08-10,1142.4,1170.0,1068.0,1107.6,4811
619,2007-08-13,1105.2,1162.8,1030.8,1056.0,4459
620,2007-08-14,1052.4,1069.2,973.2,992.4,4048
621,2007-08-15,981.6,1024.8,928.8,962.4,5697
622,2007-08-16,912.0,954.0,840.0,938.4,6932
623,2007-08-17,1028.4,1036.8,956.4,966.0,4855
624,2007-08-20,966.0,1005.6,966.0,996.0,2546
625,2007-08-21,978.0,1017.6,973.2,998.4,2556
626,2007-08-22,1016.4,1020.0,990.0,1006.8,2501
627,2007-08-23,1016.4,1026.0,967.2,972.0,2235
628,2007-08-24,975.6,1016.4,973.2,1016.4,2525
629,2007-08-27,1000.8,1016.4,930.0,936.0,3430
630,2007-08-28,931.2,934.8,828.0,847.2,7578
631,2007-08-29,864.0,897.6,840.0,896.4,3710
632,2007-08-30,884.4,950.4,871.2,918.0,4375
633,2007-08-31,946.8,954.0,916.8,930.0,1520
634,2007-09-04,921.6,940.8,904.8,928.8,1444
635,2007-09-05,919.2,919.2,885.6,885.6,1503
636,2007-09-06,888.0,898.8,871.2,888.0,2207
637,2007-09-07,870.0,909.6,855.6,906.0,2323
638,2007-09-10,920.4,939.6,870.0,897.6,2118
639,2007-09-11,908.4,921.6,871.2,897.6,2340
640,2007-09-12,897.6,920.4,879.6,896.4,1497
641,2007-09-13,909.6,1009.2,878.4,981.6,4029
642,2007-09-14,972.0,1012.8,960.0,990.0,1745
643,2007-09-17,998.4,1003.2,967.2,970.8,1278
644,2007-09-18,976.8,1026.0,968.4,1022.4,2144
645,2007-09-19,1042.8,1131.6,1032.0,1106.4,3850
646,2007-09-20,1104.0,1114.8,1074.0,1082.4,1679
647,2007-09-21,1093.2,1185.6,1093.2,1168.8,5827
648,2007-09-24,1183.2,1195.2,1123.2,1138.8,2018
649,2007-09-25,1129.2,1173.6,1050.0,1071.6,4610
650,2007-09-26,1083.6,1153.2,1080.0,1131.6,2658
651,2007-09-27,1136.4,1180.8,1100.4,1179.6,4077
652,2007-09-28,1179.6,1210.8,1122.0,1126.8,2529
653,2007-10-01,1122.0,1158.0,1116.0,1125.6,2498
654,2007-10-02,1128.0,1140.0,1086.0,1128.0,2894
655,2007-10-03,1111.2,1129.2,1070.4,1083.6,3088
656,2007-10-04,1089.6,1101.6,1052.4,1070.4,943
657,2007-10-05,1083.6,1116.0,1075.2,1086.0,1702
658,2007-10-08,1098.0,1098.0,1063.2,1094.4,1206
659,2007-10-09,1098.0,1116.0,1072.8,1106.4,1953
660,2007-10-10,1099.2,1130.4,1096.8,1122.0,1451
661,2007-10-11,1128.0,1134.0,1078.8,1083.6,2525
662,2007-10-12,1113.6,1262.4,1113.6,1254.0,11395
663,2007-10-15,1258.8,1315.2,1234.8,1282.8,10100
664,2007-10-16,1260.0,1342.8,1214.4,1308.0,4580
665,2007-10-17,1332.0,1332.0,1248.0,1292.4,3413
666,2007-10-18,1286.4,1306.8,1261.2,1302.0,1795
667,2007-10-19,1300.8,1306.8,1233.6,1261.2,3793
668,2007-10-22,1233.6,1246.8,1183.2,1227.6,3203
669,2007-10-23,1238.4,1305.6,1209.6,1286.4,2019
670,2007-10-24,1273.2,1309.2,1226.4,1284.0,1689
671,2007-10-25,1296.0,1314.0,1272.0,1292.4,1520
672,2007-10-26,1308.0,1436.4,1302.0,1416.0,7218
673,2007-10-29,1429.2,1508.4,1420.8,1508.4,6764
674,2007-10-30,1490.4,1490.4,1416.0,1420.8,3985
675,2007-10-31,1446.0,1494.0,1387.2,1494.0,3250
676,2007-11-01,1466.4,1470.0,1380.0,1408.8,3078
677,2007-11-02,1441.2,1486.8,1404.0,1453.2,2709
678,2007-11-05,1430.4,1482.0,1410.0,1437.6,2576
679,2007-11-06,1458.0,1798.8,1452.0,1682.4,15259
680,2007-11-07,1665.6,1680.0,1552.8,1567.2,6427
681,2007-11-08,1591.2,1740.0,1550.4,1569.6,6175
682,2007-11-09,1656.0,1688.4,1548.0,1574.4,6496
683,2007-11-12,1584.0,1606.8,1479.6,1483.2,5736
684,2007-11-13,1467.6,1530.0,1462.8,1483.2,3647
685,2007-11-14,1510.8,1602.0,1501.2,1509.6,4127
686,2007-11-15,1510.8,1540.8,1419.6,1436.4,4441
687,2007-11-16,1443.6,1471.2,1374.0,1430.4,3472
688,2007-11-19,1414.8,1414.8,1296.0,1328.4,5327
689,2007-11-20,1329.6,1417.2,1329.6,1384.8,4071
690,2007-11-21,1380.0,1380.0,1320.0,1344.0,3449
691,2007-11-23,1357.2,1411.2,1357.2,1395.6,1347
692,2007-11-26,1395.6,1435.2,1308.0,1327.2,2840
693,2007-11-27,1338.0,1376.4,1260.0,1306.8,3941
694,2007-11-28,1318.8,1448.4,1311.6,1440.0,4549
695,2007-11-29,1438.8,1476.0,1414.8,1452.0,3038
696,2007-11-30,1479.6,1513.2,1402.8,1423.2,7576
697,2007-12-03,1430.4,1437.6,1364.4,1380.0,1827
698,2007-12-04,1364.4,1383.6,1328.4,1344.0,1730
699,2007-12-05,1372.8,1458.0,1353.6,1376.4,1957
700,2007-12-06,1374.0,1437.6,1359.6,1422.0,2502
701,2007-12-07,1435.2,1435.2,1368.0,1387.2,1916
702,2007-12-10,1470.0,1585.2,1435.2,1560.0,6346
703,2007-12-11,1570.8,1591.2,1448.4,1454.4,5450
704,2007-12-12,1515.6,1560.0,1441.2,1479.6,2662
705,2007-12-13,1459.2,1500.0,1413.6,1500.0,1864
706,2007-12-14,1464.0,1497.6,1428.0,1430.4,1474
707,2007-12-17,1428.0,1428.0,1203.6,1262.4,7737
708,2007-12-18,1290.0,1290.0,1190.4,1251.6,4484
709,2007-12-19,1237.2,1281.6,1208.4,1215.6,3275
710,2007-12-20,1233.6,1320.0,1219.2,1302.0,2904
711,2007-12-21,1422.0,1438.8,1351.2,1431.6,4900
712,2007-12-24,1434.0,1602.0,1383.6,1582.8,4357
713,2007-12-26,1537.2,1640.4,1507.2,1609.2,5242
714,2007-12-27,1591.2,1608.0,1516.8,1522.8,2598
715,2007-12-28,1608.0,1608.0,1525.2,1525.2,2330
716,2007-12-31,1512.0,1560.0,1482.0,1497.6,1932
717,2008-01-02,1489.2,1515.6,1442.4,1459.2,2052
718,2008-01-03,1472.4,1542.0,1456.8,1516.8,2261
719,2008-01-04,1396.8,1476.0,1368.0,1371.6,4285
720,2008-01-07,1384.8,1434.0,1267.2,1360.8,3746
721,2008-01-08,1362.0,1401.6,1290.0,1297.2,2377
722,2008-01-09,1290.0,1357.2,1230.0,1354.8,2165
723,2008-01-10,1333.2,1380.0,1281.6,1339.2,1689
724,2008-01-11,1330.8,1330.8,1270.8,1280.4,1729
725,2008-01-14,1290.0,1350.0,1272.0,1300.8,2139
726,2008-01-15,1278.0,1278.0,1203.6,1219.2,3364
727,2008-01-16,1200.0,1261.2,1101.6,1144.8,6548
728,2008-01-17,1143.6,1159.2,1057.2,1077.6,3224
729,2008-01-18,1088.4,1089.6,967.2,970.8,6274
730,2008-01-22,879.6,975.6,847.2,926.4,5448
731,2008-01-23,902.4,1035.6,876.0,1017.6,4577
732,2008-01-24,1041.6,1095.6,1000.8,1057.2,4250
733,2008-01-25,1090.8,1125.6,1028.4,1038.0,2397
734,2008-01-28,1038.0,1135.2,1011.6,1098.0,2268
735,2008-01-29,1101.6,1101.6,1044.0,1060.8,1769
736,2008-01-30,1051.2,1080.0,986.4,998.4,2310
737,2008-01-31,972.0,1039.2,960.0,973.2,3265
738,2008-02-01,978.0,1045.2,972.0,1044.0,1907
739,2008-02-04,1058.4,1100.4,999.6,1000.8,3198
740,2008-02-05,982.8,1021.2,958.8,958.8,1835
741,2008-02-06,968.4,1022.4,930.0,936.0,2303
742,2008-02-07,928.8,990.0,908.4,975.6,2412
743,2008-02-08,975.6,1014.0,955.2,985.2,1586
744,2008-02-11,994.8,1017.6,943.2,999.6,1852
745,2008-02-12,1006.8,1038.0,972.0,1008.0,2083
746,2008-02-13,1028.4,1074.0,1009.2,1066.8,2211
747,2008-02-14,1077.6,1104.0,1051.2,1059.6,2456
748,2008-02-15,1047.6,1069.2,1015.2,1023.6,1654
749,2008-02-19,1040.4,1050.0,1006.8,1026.0,1829
750,2008-02-20,1016.4,1084.8,1006.8,1072.8,1368
751,2008-02-21,1081.2,1124.4,1071.6,1077.6,2463
752,2008-02-22,1081.2,1081.2,1016.4,1060.8,2160
753,2008-02-25,1065.6,1080.0,1026.0,1075.2,1252
754,2008-02-26,1068.0,1110.0,1046.4,1065.6,2095
755,2008-02-27,1053.6,1203.6,1045.2,1202.4,4964
756,2008-02-28,1176.0,1258.8,1153.2,1212.0,5019
757,2008-02-29,1195.2,1236.0,1106.4,1137.6,3445
758,2008-03-03,1180.8,1180.8,1068.0,1113.6,2403
759,2008-03-04,1190.4,1190.4,1017.6,1104.0,3414
760,2008-03-05,1112.4,1112.4,1050.0,1087.2,1567
761,2008-03-06,1078.8,1113.6,1032.0,1032.0,1486
762,2008-03-07,1020.0,1056.0,940.8,974.4,2971
763,2008-03-10,972.0,972.0,915.6,932.4,2763
764,2008-03-11,942.0,954.0,858.0,943.2,5511
765,2008-03-12,943.2,960.0,912.0,913.2,2580
766,2008-03-13,882.0,981.6,871.2,940.8,3408
767,2008-03-14,955.2,960.0,862.8,867.6,3470
768,2008-03-17,844.8,873.6,734.4,800.4,3679
769,2008-03-18,831.6,868.8,798.0,844.8,3227
770,2008-03-19,849.6,862.8,642.0,685.2,5002
771,2008-03-20,687.6,738.0,654.0,708.0,9544
772,2008-03-24,712.8,738.0,694.8,708.0,2850
773,2008-03-25,711.6,763.2,710.4,754.8,2228
774,2008-03-26,748.8,810.0,744.0,798.0,2277
775,2008-03-27,804.0,805.2,768.0,776.4,1728
776,2008-03-28,774.0,784.8,730.8,732.0,2060
777,2008-03-31,729.6,765.6,708.0,718.8,1967
778,2008-04-01,736.8,746.4,697.2,724.8,2260
779,2008-04-02,724.8,780.0,708.0,764.4,2299
780,2008-04-03,754.8,805.2,754.8,778.8,1901
781,2008-04-04,801.6,816.0,769.2,780.0,2475
782,2008-04-07,793.2,890.4,793.2,841.2,2674
783,2008-04-08,852.0,858.0,834.0,855.6,1028
784,2008-04-09,861.6,871.2,812.4,820.8,2139
785,2008-04-10,823.2,891.6,811.2,876.0,2492
786,2008-04-11,864.0,896.4,822.0,824.4,2475
787,2008-04-14,822.0,843.6,793.2,802.8,1813
788,2008-04-15,802.8,838.8,787.2,814.8,1296
789,2008-04-16,824.4,876.0,814.8,853.2,1889
790,2008-04-17,853.2,882.0,834.0,874.8,1553
791,2008-04-18,888.0,894.0,870.0,890.4,1583
792,2008-04-21,884.4,913.2,852.0,880.8,1323
793,2008-04-22,874.8,874.8,828.0,832.8,1350
794,2008-04-23,835.2,861.6,804.0,828.0,1019
795,2008-04-24,828.0,848.4,786.0,818.4,1640
796,2008-04-25,823.2,828.0,780.0,786.0,1893
797,2008-04-28,786.0,794.4,757.2,759.6,1914
798,2008-04-29,758.4,762.0,692.4,699.6,2426
799,2008-04-30,700.8,732.0,696.0,715.2,1769
800,2008-05-01,716.4,732.0,690.0,706.8,1772
801,2008-05-02,720.0,733.2,696.0,697.2,2542
802,2008-05-05,696.0,727.2,687.6,697.2,2099
803,2008-05-06,692.4,733.2,674.4,727.2,3431
804,2008-05-07,736.8,738.0,675.6,679.2,2541
805,2008-05-08,672.0,728.4,672.0,698.4,3732
806,2008-05-09,708.0,715.2,693.6,705.6,3180
807,2008-05-12,716.4,720.0,692.4,703.2,2797
808,2008-05-13,703.2,703.2,532.8,578.4,11561
809,2008-05-14,512.4,540.0,487.2,510.0,20673
810,2008-05-15,508.8,528.0,508.8,520.8,4324
811,2008-05-16,525.6,525.6,489.6,500.4,4928
812,2008-05-19,519.6,567.6,504.0,526.8,7142
813,2008-05-20,525.6,573.6,524.4,554.4,4834
814,2008-05-21,561.6,612.0,558.0,573.6,7040
815,2008-05-22,574.8,595.2,541.2,554.4,4581
816,2008-05-23,553.2,560.4,536.4,544.8,2796
817,2008-05-27,552.0,552.0,524.4,535.2,2875
818,2008-05-28,538.8,540.0,530.4,536.4,2894
819,2008-05-29,535.2,544.8,525.6,543.6,3013
820,2008-05-30,544.8,549.6,530.4,534.0,3665
821,2008-06-02,532.8,538.8,516.0,524.4,4319
822,2008-06-03,525.6,542.4,506.4,510.0,1787
823,2008-06-04,504.0,520.8,482.4,492.0,2851
824,2008-06-05,494.4,494.4,450.0,463.2,5025
825,2008-06-06,458.4,471.6,444.0,462.0,3127
826,2008-06-09,457.2,470.4,420.0,420.0,3603
827,2008-06-10,416.4,417.6,348.0,391.2,8369
828,2008-06-11,386.4,391.2,360.0,360.0,3420
829,2008-06-12,367.2,372.0,314.4,322.8,5950
830,2008-06-13,331.2,348.0,325.2,346.8,3508
831,2008-06-16,346.8,354.0,339.6,346.8,2224
832,2008-06-17,348.0,348.0,325.2,331.2,2685
833,2008-06-18,331.2,334.8,300.0,306.0,3725
834,2008-06-19,304.8,310.8,261.6,266.4,7881
835,2008-06-20,264.0,312.0,260.4,308.4,9612
836,2008-06-23,324.0,426.0,312.0,396.0,28580
837,2008-06-24,417.6,508.8,386.4,469.2,35831
838,2008-06-25,493.2,564.0,438.0,493.2,33512
839,2008-06-26,493.2,528.0,432.0,474.0,16983
840,2008-06-27,471.6,474.0,420.0,444.0,16084
841,2008-06-30,440.4,460.8,420.0,442.8,7830
842,2008-07-01,439.2,441.6,409.2,412.8,5884
843,2008-07-02,403.2,406.8,336.0,346.8,9260
844,2008-07-03,343.2,357.6,306.0,333.6,5570
845,2008-07-07,336.0,336.0,294.0,306.0,6342
846,2008-07-08,312.0,328.8,283.2,312.0,7024
847,2008-07-09,315.6,357.6,313.2,330.0,8573
848,2008-07-10,340.8,342.0,298.8,309.6,5666
849,2008-07-11,300.0,310.8,288.0,308.4,4420
850,2008-07-14,309.6,319.2,296.4,300.0,3727
851,2008-07-15,296.4,300.0,279.6,292.8,4163
852,2008-07-16,294.0,312.0,285.6,312.0,3965
853,2008-07-17,318.0,338.4,300.0,308.4,6434
854,2008-07-18,312.0,314.4,295.2,302.4,2545
855,2008-07-21,307.2,324.0,290.4,324.0,4102
856,2008-07-22,326.4,327.6,298.8,322.8,4611
857,2008-07-23,322.8,356.4,312.0,351.6,5956
858,2008-07-24,354.0,382.8,324.0,331.2,6681
859,2008-07-25,337.2,366.0,337.2,346.8,3379
860,2008-07-28,345.6,363.6,345.6,349.2,3817
861,2008-07-29,356.4,364.8,346.8,356.4,2329
862,2008-07-30,354.0,363.6,342.0,358.8,3445
863,2008-07-31,363.6,363.6,343.2,343.2,3827
864,2008-08-01,343.2,343.2,325.2,331.2,3126
865,2008-08-04,330.0,333.6,297.6,300.0,5122
866,2008-08-05,306.0,308.4,282.0,292.8,4739
867,2008-08-06,292.8,307.2,288.0,303.6,2616
868,2008-08-07,298.8,306.0,297.6,306.0,1941
869,2008-08-08,312.0,320.4,300.0,312.0,3216
870,2008-08-11,272.4,278.4,231.6,260.4,13539
871,2008-08-12,254.4,264.0,250.8,259.2,2451
872,2008-08-13,264.0,357.6,252.0,343.2,10307
873,2008-08-14,345.6,348.0,294.0,300.0,7110
874,2008-08-15,300.0,312.0,277.2,279.6,3109
875,2008-08-18,302.4,312.0,283.2,285.6,3025
876,2008-08-19,280.8,300.0,276.0,290.4,1933
877,2008-08-20,291.6,306.0,288.0,297.6,1851
878,2008-08-21,296.4,312.0,289.2,290.4,2842
879,2008-08-22,290.4,297.6,276.0,296.4,1575
880,2008-08-25,295.2,295.2,276.0,280.8,1376
881,2008-08-26,283.2,291.6,264.0,267.6,2559
882,2008-08-27,266.4,284.4,266.4,276.0,2162
883,2008-08-28,276.0,277.2,270.0,276.0,2306
884,2008-08-29,276.0,276.0,266.4,276.0,3115
885,2008-09-02,276.0,276.0,259.2,261.6,2554
886,2008-09-03,304.8,439.2,288.0,384.0,60517
887,2008-09-04,408.0,442.8,342.0,350.4,38480
888,2008-09-05,350.4,375.6,313.2,322.8,14373
889,2008-09-08,342.0,343.2,285.6,302.4,12992
890,2008-09-09,302.4,318.0,242.4,243.6,20923
891,2008-09-10,255.6,272.4,244.8,260.4,13374
892,2008-09-11,253.2,254.4,241.2,250.8,9859
893,2008-09-12,255.6,278.4,244.8,265.2,11429
894,2008-09-15,252.0,264.0,241.2,242.4,8093
895,2008-09-16,237.6,244.8,211.2,241.2,11191
896,2008-09-17,230.4,241.2,220.8,222.0,10765
897,2008-09-18,240.0,258.0,229.2,247.2,12761
898,2008-09-19,259.2,285.6,240.0,284.4,15532
899,2008-09-22,284.4,284.4,238.8,244.8,13544
900,2008-09-23,246.0,259.2,241.2,244.8,5287
901,2008-09-24,253.2,258.0,240.0,241.2,4485
902,2008-09-25,247.2,247.2,236.4,242.4,5412
903,2008-09-26,240.0,240.0,224.4,224.4,5123
904,2008-09-29,222.0,222.0,187.2,188.4,9623
905,2008-09-30,195.6,212.4,192.0,202.8,6668
906,2008-10-01,204.0,204.0,187.2,190.8,5130
907,2008-10-02,193.2,196.8,165.6,165.6,7418
908,2008-10-03,168.0,190.8,158.4,158.4,6723
909,2008-10-06,150.0,158.4,123.6,151.2,8087
910,2008-10-07,153.6,154.8,132.0,139.2,3564
911,2008-10-08,121.2,139.2,109.2,115.2,8822
912,2008-10-09,120.0,127.2,103.2,103.2,5645
913,2008-10-10,100.8,102.0,82.8,93.6,11651
914,2008-10-13,105.6,110.4,90.0,98.4,14034
915,2008-10-14,105.6,123.6,98.4,118.8,11764
916,2008-10-15,124.8,124.8,102.0,102.0,4964
917,2008-10-16,104.4,115.2,97.2,112.8,6848
918,2008-10-17,112.8,126.0,106.8,115.2,7603
919,2008-10-20,120.0,124.8,115.2,123.6,6132
920,2008-10-21,122.4,123.6,116.4,117.6,3246
921,2008-10-22,115.2,118.8,105.6,105.6,3685
922,2008-10-23,108.0,118.8,97.2,102.0,5428
923,2008-10-24,93.6,108.0,88.8,103.2,4003
924,2008-10-27,103.2,103.2,96.0,96.0,2869
925,2008-10-28,99.6,99.6,87.6,96.0,2714
926,2008-10-29,98.4,102.0,97.2,102.0,2974
927,2008-10-30,106.8,112.8,104.4,108.0,2201
928,2008-10-31,108.0,120.0,108.0,112.8,3755
929,2008-11-03,117.6,141.6,112.8,139.2,7830
930,2008-11-04,156.0,172.8,144.0,156.0,10163
931,2008-11-05,153.6,160.8,138.0,141.6,4928
932,2008-11-06,140.4,140.4,122.4,123.6,3705
933,2008-11-07,130.8,144.0,130.8,133.2,2943
934,2008-11-10,120.0,128.4,92.4,96.0,11947
935,2008-11-11,96.0,96.0,90.0,92.4,4057
936,2008-11-12,92.4,96.0,85.2,87.6,3441
937,2008-11-13,87.6,91.2,82.8,91.2,4909
938,2008-11-14,91.2,93.6,86.4,86.4,2667
939,2008-11-17,86.4,97.2,82.8,93.6,3614
940,2008-11-18,94.8,102.0,84.0,86.4,4182
941,2008-11-19,86.4,90.0,78.0,78.0,3605
942,2008-11-20,78.0,78.0,58.8,58.8,5086
943,2008-11-21,66.0,66.0,54.0,62.4,5681
944,2008-11-24,69.6,72.0,63.6,68.4,4860
945,2008-11-25,68.4,68.4,56.4,58.8,6174
946,2008-11-26,58.8,64.8,55.2,61.2,5274
947,2008-11-28,61.2,63.6,60.0,61.2,2287
948,2008-12-01,62.4,62.4,54.0,54.0,4482
949,2008-12-02,56.4,57.6,51.6,54.0,3160
950,2008-12-03,54.0,54.0,49.2,51.6,3793
951,2008-12-04,51.6,54.0,46.8,46.8,3294
952,2008-12-05,48.0,49.2,43.2,48.0,3155
953,2008-12-08,50.4,52.8,48.0,50.4,3886
954,2008-12-09,50.4,50.4,45.6,46.8,5364
955,2008-12-10,48.0,70.8,45.6,61.2,29355
956,2008-12-11,68.4,74.4,60.0,60.0,15935
957,2008-12-12,58.8,66.0,54.0,66.0,6627
958,2008-12-15,66.0,84.0,66.0,82.8,15132
959,2008-12-16,96.0,96.0,72.0,81.6,13716
960,2008-12-17,81.6,85.2,78.0,80.4,5059
961,2008-12-18,81.6,81.6,69.6,69.6,5184
962,2008-12-19,75.6,75.6,64.8,67.2,7151
963,2008-12-22,78.0,78.0,57.6,63.6,5666
964,2008-12-23,60.0,70.8,60.0,69.6,3523
965,2008-12-24,69.6,72.0,68.4,69.6,1236
966,2008-12-26,66.0,75.6,66.0,72.0,3018
967,2008-12-29,66.0,78.0,66.0,73.2,3892
968,2008-12-30,73.2,84.0,69.6,80.4,5472
969,2008-12-31,78.0,96.0,78.0,92.4,7281
970,2009-01-02,96.0,109.2,90.0,100.8,7864
971,2009-01-05,108.0,116.4,104.4,110.4,9009
972,2009-01-06,112.8,120.0,105.6,106.8,10759
973,2009-01-07,105.6,106.8,93.6,94.8,6168
974,2009-01-08,90.0,99.6,90.0,99.6,2197
975,2009-01-09,102.0,104.4,92.4,97.2,3394
976,2009-01-12,98.4,98.4,91.2,92.4,7517
977,2009-01-13,90.0,97.2,90.0,90.0,4948
978,2009-01-14,94.8,97.2,86.4,86.4,3607
979,2009-01-15,87.6,91.2,78.0,87.6,3257
980,2009-01-16,91.2,94.8,86.4,91.2,2486
981,2009-01-20,92.4,94.8,84.0,85.2,2411
982,2009-01-21,84.0,90.0,81.6,88.8,2070
983,2009-01-22,87.6,90.0,82.8,84.0,2558
984,2009-01-23,81.6,88.8,78.0,88.8,2042
985,2009-01-26,94.8,94.8,88.8,91.2,1954
986,2009-01-27,92.4,92.4,84.0,88.8,1053
987,2009-01-28,90.0,94.8,84.0,88.8,2546
988,2009-01-29,88.8,88.8,84.0,86.4,1265
989,2009-01-30,88.8,88.8,82.8,82.8,2591
990,2009-02-02,82.8,82.8,78.0,82.8,2135
991,2009-02-03,82.8,92.4,80.4,91.2,3194
992,2009-02-04,92.4,93.6,87.6,88.8,1576
993,2009-02-05,84.0,90.0,84.0,88.8,1208
994,2009-02-06,88.8,90.0,82.8,85.2,3015
995,2009-02-09,90.0,90.0,85.2,87.6,1400
996,2009-02-10,87.6,91.2,85.2,85.2,1263
997,2009-02-11,85.2,90.0,84.0,87.6,1078
998,2009-02-12,85.2,87.6,85.2,86.4,964
999,2009-02-13,85.2,86.4,84.0,85.2,1200
1000,2009-02-17,81.6,84.0,64.8,70.8,3982
1001,2009-02-18,70.8,78.0,66.0,68.4,1324
1002,2009-02-19,69.6,76.8,63.6,66.0,1795
1003,2009-02-20,63.6,63.6,60.0,60.0,2960
1004,2009-02-23,60.0,61.2,57.6,60.0,3424
1005,2009-02-24,61.2,69.6,55.2,68.4,3445
1006,2009-02-25,67.2,69.6,60.0,60.0,1787
1007,2009-02-26,60.0,63.6,60.0,60.0,1100
1008,2009-02-27,60.0,63.6,58.8,60.0,1243
1009,2009-03-02,60.0,61.2,57.6,58.8,6552
1010,2009-03-03,61.2,61.2,51.6,51.6,1842
1011,2009-03-04,51.6,60.0,51.6,60.0,1418
1012,2009-03-05,60.0,61.2,50.4,51.6,2019
1013,2009-03-06,60.0,60.0,50.4,57.6,2437
1014,2009-03-09,58.8,58.8,54.0,54.0,866
1015,2009-03-10,55.2,58.8,51.6,55.2,1447
1016,2009-03-11,55.2,55.2,48.0,50.4,1839
1017,2009-03-12,50.4,60.0,49.2,57.6,2316
1018,2009-03-13,58.8,61.2,51.6,56.4,2712
1019,2009-03-16,56.4,60.0,54.0,57.6,1428
1020,2009-03-17,57.6,68.4,56.4,68.4,2325
1021,2009-03-18,69.6,72.0,62.4,72.0,1775
1022,2009-03-19,73.2,74.4,67.2,70.8,3123
1023,2009-03-20,72.0,72.0,48.0,48.0,5520
1024,2009-03-23,55.2,67.2,55.2,67.2,3446
1025,2009-03-24,70.8,70.8,62.4,66.0,1434
1026,2009-03-25,67.2,67.2,62.4,64.8,1988
1027,2009-03-26,62.4,72.0,60.0,70.8,3857
1028,2009-03-27,66.0,70.8,63.6,64.8,1076
1029,2009-03-30,60.0,66.0,55.2,61.2,998
1030,2009-03-31,56.4,66.0,56.4,56.4,1695
1031,2009-04-01,56.4,62.4,55.2,62.4,1039
1032,2009-04-02,64.8,67.2,63.6,67.2,1584
1033,2009-04-03,67.2,67.2,61.2,67.2,1001
1034,2009-04-06,67.2,67.2,61.2,62.4,1090
1035,2009-04-07,62.4,63.6,60.0,60.0,1071
1036,2009-04-08,61.2,66.0,60.0,64.8,514
1037,2009-04-09,64.8,75.6,63.6,73.2,4757
1038,2009-04-13,73.2,78.0,68.4,76.8,4469
1039,2009-04-14,74.4,78.0,70.8,70.8,2186
1040,2009-04-15,70.8,73.2,70.8,72.0,1321
1041,2009-04-16,73.2,76.8,63.6,73.2,5011
1042,2009-04-17,74.4,74.4,69.6,72.0,1777
1043,2009-04-20,69.6,69.6,62.4,62.4,3860
1044,2009-04-21,63.6,68.4,62.4,67.2,1415
1045,2009-04-22,68.4,70.8,67.2,69.6,1370
1046,2009-04-23,70.8,86.4,69.6,81.6,7581
1047,2009-04-24,90.0,114.0,84.0,105.6,14331
1048,2009-04-27,102.0,104.4,90.0,93.6,6750
1049,2009-04-28,96.0,112.8,96.0,105.6,9986
1050,2009-04-29,108.0,160.8,108.0,158.4,38028
1051,2009-04-30,170.4,199.2,160.8,176.4,32172
1052,2009-05-01,171.6,190.8,153.6,162.0,9947
1053,2009-05-04,165.6,190.8,165.6,181.2,11111
1054,2009-05-05,187.2,187.2,150.0,183.6,9714
1055,2009-05-06,183.6,187.2,165.6,170.4,8669
1056,2009-05-07,170.4,175.2,141.6,147.6,10120
1057,2009-05-08,147.6,163.2,138.0,150.0,7304
1058,2009-05-11,144.0,158.4,132.0,147.6,6801
1059,2009-05-12,158.4,158.4,141.6,146.4,3781
1060,2009-05-13,145.2,145.2,124.8,127.2,7922
1061,2009-05-14,122.4,128.4,108.0,120.0,8230
1062,2009-05-15,120.0,138.0,120.0,128.4,4119
1063,2009-05-18,132.0,144.0,132.0,135.6,4320
1064,2009-05-19,140.4,146.4,132.0,133.2,5737
1065,2009-05-20,142.8,148.8,135.6,141.6,9518
1066,2009-05-21,142.8,144.0,127.2,133.2,4228
1067,2009-05-22,133.2,145.2,133.2,139.2,4791
1068,2009-05-26,140.4,141.6,136.8,140.4,3246
1069,2009-05-27,142.8,145.2,140.4,141.6,7708
1070,2009-05-28,140.4,145.2,138.0,139.2,4163
1071,2009-05-29,141.6,152.4,139.2,148.8,15946
1072,2009-06-01,158.4,162.0,150.0,159.6,12413
1073,2009-06-02,159.6,210.0,156.0,207.6,30510
1074,2009-06-03,195.6,198.0,169.2,178.8,16435
1075,2009-06-04,186.0,192.0,181.2,189.6,9038
1076,2009-06-05,193.2,204.0,174.0,186.0,11019
1077,2009-06-08,180.0,189.6,172.8,186.0,6354
1078,2009-06-09,193.2,222.0,184.8,207.6,17301
1079,2009-06-10,217.2,226.8,181.2,200.4,16891
1080,2009-06-11,204.0,212.4,200.4,201.6,5432
1081,2009-06-12,199.2,206.4,189.6,199.2,5572
1082,2009-06-15,192.0,193.2,169.2,178.8,10309
1083,2009-06-16,175.2,186.0,162.0,165.6,9048
1084,2009-06-17,166.8,166.8,151.2,164.4,6686
1085,2009-06-18,168.0,174.0,162.0,170.4,5335
1086,2009-06-19,172.8,178.8,164.4,168.0,8006
1087,2009-06-22,160.8,160.8,133.2,138.0,11673
1088,2009-06-23,138.0,145.2,130.8,139.2,7437
1089,2009-06-24,146.4,148.8,134.4,144.0,6215
1090,2009-06-25,146.4,150.0,142.8,150.0,5174
1091,2009-06-26,152.4,154.8,140.4,142.8,87663
1092,2009-06-29,152.4,162.0,146.4,153.6,9857
1093,2009-06-30,151.2,157.2,144.0,153.6,4676
1094,2009-07-01,156.0,156.0,145.2,145.2,4457
1095,2009-07-02,145.2,148.8,138.0,139.2,3685
1096,2009-07-06,133.2,138.0,126.0,132.0,8054
1097,2009-07-07,126.0,135.6,124.8,126.0,4791
1098,2009-07-08,122.4,128.4,114.0,116.4,7553
1099,2009-07-09,120.0,126.0,114.0,115.2,3583
1100,2009-07-10,114.0,116.4,104.4,106.8,3539
1101,2009-07-13,106.8,115.2,98.4,112.8,4468
1102,2009-07-14,118.8,118.8,112.8,117.6,2331
1103,2009-07-15,118.8,135.6,118.8,135.6,6264
1104,2009-07-16,135.6,135.6,126.0,127.2,3894
1105,2009-07-17,128.4,150.0,126.0,136.8,12004
1106,2009-07-20,145.2,147.6,132.0,134.4,8985
1107,2009-07-21,138.0,138.0,126.0,127.2,3526
1108,2009-07-22,127.2,132.0,123.6,124.8,3187
1109,2009-07-23,121.2,135.6,120.0,130.8,4285
1110,2009-07-24,133.2,134.4,126.0,134.4,2504
1111,2009-07-27,135.6,136.8,127.2,128.4,4181
1112,2009-07-28,128.4,132.0,123.6,128.4,2194
1113,2009-07-29,129.6,132.0,117.6,124.8,4246
1114,2009-07-30,126.0,129.6,121.2,123.6,2973
1115,2009-07-31,123.6,129.6,122.4,126.0,2831
1116,2009-08-03,132.0,136.8,128.4,129.6,5958
1117,2009-08-04,128.4,134.4,127.2,132.0,3430
1118,2009-08-05,134.4,134.4,128.4,130.8,2576
1119,2009-08-06,134.4,134.4,123.6,124.8,3739
1120,2009-08-07,126.0,129.6,123.6,124.8,3254
1121,2009-08-10,126.0,127.2,118.8,124.8,4829
1122,2009-08-11,123.6,141.6,123.6,132.0,16076
1123,2009-08-12,132.0,132.0,126.0,129.6,3308
1124,2009-08-13,132.0,132.0,126.0,127.2,1974
1125,2009-08-14,126.0,128.4,123.6,123.6,2293
1126,2009-08-17,121.2,122.4,114.0,116.4,4322
1127,2009-08-18,117.6,120.0,105.6,112.8,10049
1128,2009-08-19,108.0,114.0,108.0,111.6,1576
1129,2009-08-20,114.0,130.8,114.0,124.8,7786
1130,2009-08-21,124.8,130.8,121.2,122.4,2981
1131,2009-08-24,128.4,129.6,122.4,122.4,3171
1132,2009-08-25,122.4,130.8,117.6,121.2,10455
1133,2009-08-26,121.2,127.2,120.0,127.2,3064
1134,2009-08-27,123.6,126.0,120.0,121.2,3599
1135,2009-08-28,120.0,124.8,117.6,118.8,2684
1136,2009-08-31,118.8,123.6,110.4,116.4,3724
1137,2009-09-01,118.8,118.8,110.4,111.6,3182
1138,2009-09-02,116.4,116.4,108.0,112.8,2107
1139,2009-09-03,116.4,121.2,111.6,114.0,2578
1140,2009-09-04,114.0,126.0,112.8,121.2,5621
1141,2009-09-08,124.8,126.0,115.2,120.0,5125
1142,2009-09-09,118.8,122.4,116.4,117.6,2358
1143,2009-09-10,117.6,124.8,116.4,118.8,4949
1144,2009-09-11,118.8,122.4,117.6,117.6,2764
1145,2009-09-14,120.0,120.0,116.4,117.6,1424
1146,2009-09-15,116.4,122.4,116.4,122.4,2172
1147,2009-09-16,123.6,174.0,123.6,157.2,51465
1148,2009-09-17,154.8,162.0,140.4,148.8,15610
1149,2009-09-18,152.4,152.4,138.0,148.8,4888
1150,2009-09-21,142.8,150.0,141.6,146.4,4490
1151,2009-09-22,146.4,165.6,146.4,158.4,15545
1152,2009-09-23,162.0,162.0,144.0,144.0,6595
1153,2009-09-24,142.8,144.0,134.4,142.8,7810
1154,2009-09-25,144.0,144.0,135.6,135.6,1455
1155,2009-09-28,142.8,144.0,127.2,144.0,3685
1156,2009-09-29,147.6,147.6,136.8,138.0,2810
1157,2009-09-30,144.0,147.6,134.4,138.0,3560
1158,2009-10-01,141.6,141.6,126.0,127.2,4867
1159,2009-10-02,122.4,127.2,121.2,127.2,3358
1160,2009-10-05,123.6,127.2,118.8,127.2,6577
1161,2009-10-06,126.0,136.8,120.0,129.6,5470
1162,2009-10-07,134.4,134.4,122.4,126.0,4242
1163,2009-10-08,129.6,136.8,127.2,134.4,5709
1164,2009-10-09,134.4,135.6,127.2,128.4,1953
1165,2009-10-12,132.0,134.4,129.6,129.6,2489
1166,2009-10-13,132.0,132.0,128.4,128.4,1611
1167,2009-10-14,132.0,148.8,129.6,146.4,8424
1168,2009-10-15,138.0,144.0,135.6,141.6,2974
1169,2009-10-16,139.2,141.6,134.4,141.6,2656
1170,2009-10-19,148.8,150.0,144.0,150.0,6179
1171,2009-10-20,146.4,171.6,145.2,159.6,22328
1172,2009-10-21,162.0,165.6,146.4,150.0,9770
1173,2009-10-22,150.0,150.0,142.8,146.4,3939
1174,2009-10-23,145.2,153.6,145.2,151.2,4297
1175,2009-10-26,152.4,153.6,129.6,136.8,8987
1176,2009-10-27,132.0,138.0,124.8,124.8,5445
1177,2009-10-28,123.6,128.4,120.0,121.2,5230
1178,2009-10-29,124.8,130.8,122.4,128.4,4295
1179,2009-10-30,127.2,132.0,114.0,117.6,7152
1180,2009-11-02,122.4,124.8,117.6,118.8,3109
1181,2009-11-03,117.6,123.6,115.2,122.4,3284
1182,2009-11-04,123.6,127.2,121.2,121.2,2450
1183,2009-11-05,124.8,124.8,122.4,124.8,1031
1184,2009-11-06,124.8,126.0,120.0,123.6,2046
1185,2009-11-09,122.4,126.0,121.2,124.8,2469
1186,2009-11-10,126.0,126.0,122.4,122.4,1299
1187,2009-11-11,122.4,138.0,122.4,136.8,6405
1188,2009-11-12,136.8,136.8,123.6,126.0,2273
1189,2009-11-13,126.0,130.8,123.6,123.6,2528
1190,2009-11-16,124.8,132.0,124.8,130.8,3651
1191,2009-11-17,128.4,132.0,126.0,127.2,1394
1192,2009-11-18,126.0,129.6,123.6,124.8,2589
1193,2009-11-19,123.6,124.8,122.4,124.8,3111
1194,2009-11-20,123.6,132.0,121.2,121.2,1901
1195,2009-11-23,123.6,126.0,120.0,121.2,2622
1196,2009-11-24,120.0,122.4,117.6,121.2,3363
1197,2009-11-25,121.2,122.4,117.6,117.6,1759
1198,2009-11-27,115.2,120.0,114.0,118.8,1564
1199,2009-11-30,116.4,120.0,115.2,116.4,2104
1200,2009-12-01,117.6,120.0,116.4,116.4,1288
1201,2009-12-02,115.2,117.6,114.0,115.2,4029
1202,2009-12-03,117.6,117.6,114.0,114.0,1955
1203,2009-12-04,118.8,118.8,111.6,114.0,2316
1204,2009-12-07,116.4,116.4,86.4,105.6,7795
1205,2009-12-08,108.0,109.2,103.2,105.6,2243
1206,2009-12-09,105.6,105.6,97.2,100.8,4499
1207,2009-12-10,99.6,100.8,97.2,99.6,1417
1208,2009-12-11,98.4,98.4,96.0,97.2,2453
1209,2009-12-14,102.0,102.0,98.4,100.8,1948
1210,2009-12-15,99.6,102.0,97.2,97.2,1376
1211,2009-12-16,98.4,99.6,98.4,98.4,940
1212,2009-12-17,97.2,98.4,91.2,91.2,3093
1213,2009-12-18,90.0,93.6,87.6,91.2,3672
1214,2009-12-21,91.2,99.6,91.2,99.6,3238
1215,2009-12-22,96.0,102.0,96.0,97.2,1362
1216,2009-12-23,99.6,108.0,97.2,108.0,2439
1217,2009-12-24,108.0,108.0,103.2,105.6,834
1218,2009-12-28,104.4,110.4,97.2,97.2,3780
1219,2009-12-29,97.2,100.8,97.2,97.2,2101
1220,2009-12-30,97.2,98.4,90.0,91.2,6532
1221,2009-12-31,91.2,97.2,91.2,92.4,5849
1222,2010-01-04,92.4,98.4,92.4,97.2,3283
1223,2010-01-05,96.0,100.8,96.0,99.6,2849
1224,2010-01-06,102.0,104.4,99.6,103.2,2378
1225,2010-01-07,102.0,102.0,98.4,99.6,1901
1226,2010-01-08,98.4,99.6,97.2,98.4,1868
1227,2010-01-11,99.6,102.0,93.6,96.0,4459
1228,2010-01-12,99.6,99.6,93.6,93.6,3176
1229,2010-01-13,96.0,99.6,93.6,94.8,3996
1230,2010-01-14,96.0,98.4,93.6,98.4,2340
1231,2010-01-15,98.4,98.4,93.6,93.6,3787
1232,2010-01-19,96.0,96.0,91.2,91.2,2255
1233,2010-01-20,94.8,94.8,91.2,91.2,1518
1234,2010-01-21,90.0,91.2,84.0,88.8,4204
1235,2010-01-22,88.8,90.0,84.0,86.4,1802
1236,2010-01-25,84.0,86.4,84.0,84.0,1672
1237,2010-01-26,84.0,86.4,80.4,80.4,2072
1238,2010-01-27,79.2,79.2,73.2,78.0,4336
1239,2010-01-28,85.2,88.8,79.2,86.4,5201
1240,2010-01-29,86.4,99.6,86.4,90.0,10595
1241,2010-02-01,96.0,96.0,92.4,92.4,3511
1242,2010-02-02,90.0,100.8,90.0,96.0,4066
1243,2010-02-03,98.4,98.4,91.2,93.6,1415
1244,2010-02-04,90.0,90.0,81.6,84.0,3903
1245,2010-02-05,84.0,86.4,81.6,81.6,2167
1246,2010-02-08,80.4,84.0,80.4,82.8,951
1247,2010-02-09,79.2,82.8,78.0,78.0,3815
1248,2010-02-10,78.0,79.2,74.4,74.4,3500
1249,2010-02-11,74.4,80.4,74.4,80.4,1981
1250,2010-02-12,80.4,80.4,76.8,79.2,917
1251,2010-02-16,81.6,94.8,81.6,91.2,14624
1252,2010-02-17,91.2,94.8,81.6,82.8,15862
1253,2010-02-18,82.8,90.0,80.4,87.6,3658
1254,2010-02-19,87.6,90.0,85.2,88.8,2081
1255,2010-02-22,90.0,93.6,85.2,91.2,2939
1256,2010-02-23,91.2,91.2,84.0,85.2,3118
1257,2010-02-24,84.0,86.4,82.8,84.0,1482
1258,2010-02-25,84.0,84.0,78.0,82.8,2519
1259,2010-02-26,84.0,87.6,84.0,84.0,1883
1260,2010-03-01,86.4,87.6,84.0,85.2,1297
1261,2010-03-02,85.2,87.6,84.0,85.2,1367
1262,2010-03-03,85.2,87.6,85.2,85.2,1215
1263,2010-03-04,87.6,91.2,87.6,90.0,3296
1264,2010-03-05,93.6,93.6,87.6,88.8,1279
1265,2010-03-08,91.2,91.2,87.6,87.6,1248
1266,2010-03-09,90.0,111.6,88.8,99.6,25569
1267,2010-03-10,105.6,106.8,96.0,96.0,8132
1268,2010-03-11,96.0,96.0,91.2,93.6,3795
1269,2010-03-12,94.8,96.0,91.2,92.4,2372
1270,2010-03-15,91.2,94.8,90.0,91.2,1764
1271,2010-03-16,90.0,91.2,84.0,87.6,2092
1272,2010-03-17,88.8,91.2,87.6,88.8,2023
1273,2010-03-18,90.0,94.8,87.6,90.0,2345
1274,2010-03-19,87.6,91.2,86.4,90.0,1694
1275,2010-03-22,86.4,87.6,85.2,86.4,1649
1276,2010-03-23,87.6,87.6,84.0,84.0,1659
1277,2010-03-24,85.2,87.6,85.2,86.4,1188
1278,2010-03-25,86.4,87.6,85.2,85.2,1421
1279,2010-03-26,85.2,87.6,84.0,84.0,1260
1280,2010-03-29,84.0,87.6,84.0,87.6,802
1281,2010-03-30,88.8,88.8,85.2,87.6,995
1282,2010-03-31,88.8,88.8,85.2,85.2,1222
1283,2010-04-01,86.4,88.8,86.4,87.6,1569
1284,2010-04-05,88.8,91.2,88.8,91.2,1669
1285,2010-04-06,91.2,93.6,87.6,90.0,1745
1286,2010-04-07,92.4,92.4,88.8,90.0,1292
1287,2010-04-08,88.8,88.8,86.4,87.6,1083
1288,2010-04-09,87.6,91.2,86.4,87.6,1492
1289,2010-04-12,88.8,93.6,88.8,88.8,1970
1290,2010-04-13,88.8,88.8,85.2,86.4,1933
1291,2010-04-14,87.6,92.4,87.6,88.8,1999
1292,2010-04-15,88.8,91.2,86.4,88.8,1773
1293,2010-04-16,87.6,90.0,86.4,87.6,1131
1294,2010-04-19,86.4,88.8,81.6,84.0,1791
1295,2010-04-20,85.2,87.6,85.2,85.2,787
1296,2010-04-21,85.2,86.4,82.8,84.0,2682
1297,2010-04-22,84.0,85.2,81.6,84.0,2645
1298,2010-04-23,84.0,86.4,82.8,85.2,1001
1299,2010-04-26,86.4,86.4,80.4,81.6,2798
1300,2010-04-27,80.4,84.0,79.2,79.2,1781
1301,2010-04-28,79.2,81.6,79.2,81.6,1270
1302,2010-04-29,81.6,82.8,79.2,79.2,1885
1303,2010-04-30,79.2,81.6,79.2,79.2,584
1304,2010-05-03,82.8,82.8,79.2,79.2,1464
1305,2010-05-04,78.0,79.2,73.2,75.6,4031
1306,2010-05-05,76.8,76.8,72.0,73.2,2256
1307,2010-05-06,74.4,74.4,66.0,66.0,4034
1308,2010-05-07,68.4,70.8,66.0,69.6,2707
1309,2010-05-10,67.2,69.6,60.0,63.6,8691
1310,2010-05-11,63.6,66.0,61.2,64.8,7308
1311,2010-05-12,67.2,68.4,63.6,67.2,2380
1312,2010-05-13,66.0,67.2,62.4,62.4,3055
1313,2010-05-14,63.6,64.8,61.2,61.2,2058
1314,2010-05-17,62.4,67.2,62.4,66.0,1426
1315,2010-05-18,63.6,67.2,62.4,62.4,1485
1316,2010-05-19,62.4,64.8,61.2,62.4,1480
1317,2010-05-20,60.0,64.8,60.0,62.4,3756
1318,2010-05-21,60.0,62.4,60.0,60.0,3381
1319,2010-05-24,62.4,62.4,58.8,60.0,1102
1320,2010-05-25,56.4,57.6,54.0,57.6,2409
1321,2010-05-26,57.6,61.2,57.6,61.2,750
1322,2010-05-27,61.2,61.2,56.4,56.4,2892
1323,2010-05-28,56.4,58.8,56.4,56.4,1154
1324,2010-06-01,55.2,60.0,55.2,56.4,625
1325,2010-06-02,60.0,62.4,56.4,62.4,2330
1326,2010-06-03,62.4,63.6,60.0,63.6,1181
1327,2010-06-04,63.6,63.6,61.2,61.2,1323
1328,2010-06-07,60.0,64.8,57.6,60.0,1459
1329,2010-06-08,60.0,62.4,55.2,57.6,1554
1330,2010-06-09,58.8,58.8,55.2,56.4,604
1331,2010-06-10,55.2,61.2,55.2,57.6,1521
1332,2010-06-11,60.0,61.2,58.8,61.2,593
1333,2010-06-14,61.2,61.2,58.8,60.0,667
1334,2010-06-15,57.6,60.0,57.6,60.0,4599
1335,2010-06-16,82.8,88.8,73.2,80.4,19096
1336,2010-06-17,84.0,84.0,78.0,82.8,5171
1337,2010-06-18,73.2,81.6,70.8,73.2,5862
1338,2010-06-21,81.6,81.6,62.4,62.4,8073
1339,2010-06-22,56.4,57.6,52.8,52.8,27953
1340,2010-06-23,55.2,55.2,50.4,50.4,7060
1341,2010-06-24,50.4,51.6,49.2,49.2,6313
1342,2010-06-25,51.6,54.0,48.0,54.0,7312
1343,2010-06-28,51.6,51.6,49.2,50.4,3336
1344,2010-06-29,49.2,49.2,48.0,48.0,2467
1345,2010-06-30,49.2,52.8,46.8,48.0,2310
1346,2010-07-01,50.4,51.6,46.8,46.8,2431
1347,2010-07-02,48.0,49.2,45.6,46.8,1942
1348,2010-07-06,46.8,51.6,46.8,50.4,1566
1349,2010-07-07,50.4,50.4,48.0,49.2,1683
1350,2010-07-08,49.2,51.6,48.0,48.0,1239
1351,2010-07-09,48.0,49.2,46.8,49.2,785
1352,2010-07-12,49.2,54.0,49.2,51.6,2971
1353,2010-07-13,55.2,56.4,51.6,54.0,2697
1354,2010-07-14,56.4,57.6,51.6,51.6,1893
1355,2010-07-15,50.4,54.0,50.4,52.8,722
1356,2010-07-16,54.0,57.6,51.6,56.4,4879
1357,2010-07-19,57.6,62.4,57.6,60.0,7317
1358,2010-07-20,62.4,63.6,57.6,57.6,2538
1359,2010-07-21,57.6,60.0,56.4,56.4,963
1360,2010-07-22,56.4,60.0,55.2,57.6,2569
1361,2010-07-23,57.6,58.8,49.2,54.0,3191
1362,2010-07-26,52.8,56.4,52.8,55.2,10396
1363,2010-07-27,56.4,57.6,54.0,56.4,5867
1364,2010-07-28,56.4,66.0,56.4,63.6,12526
1365,2010-07-29,66.0,67.2,60.0,62.4,6298
1366,2010-07-30,63.6,68.4,60.0,62.4,14444
1367,2010-08-02,67.2,74.4,63.6,73.2,12307
1368,2010-08-03,75.6,75.6,67.2,73.2,2828
1369,2010-08-04,72.0,73.2,68.4,73.2,2739
1370,2010-08-05,78.0,78.0,68.4,69.6,2746
1371,2010-08-06,69.6,70.8,68.4,69.6,845
1372,2010-08-09,74.4,74.4,66.0,67.2,3557
1373,2010-08-10,66.0,67.2,62.4,62.4,3586
1374,2010-08-11,62.4,64.8,61.2,61.2,2039
1375,2010-08-12,60.0,63.6,60.0,62.4,597
1376,2010-08-13,66.0,66.0,60.0,60.0,1252
1377,2010-08-16,62.4,67.2,60.0,67.2,2684
1378,2010-08-17,72.0,74.4,68.4,70.8,6040
1379,2010-08-18,72.0,72.0,69.6,69.6,891
1380,2010-08-19,64.8,68.4,63.6,64.8,2877
1381,2010-08-20,68.4,69.6,64.8,69.6,1993
1382,2010-08-23,69.6,73.2,66.0,72.0,1249
1383,2010-08-24,72.0,72.0,67.2,67.2,993
1384,2010-08-25,72.0,72.0,67.2,72.0,2613
1385,2010-08-26,72.0,82.8,72.0,78.0,14717
1386,2010-08-27,74.4,82.8,73.2,79.2,6138
1387,2010-08-30,80.4,90.0,79.2,79.2,13073
1388,2010-08-31,79.2,82.8,76.8,78.0,4027
1389,2010-09-01,84.0,84.0,78.0,81.6,2621
1390,2010-09-02,81.6,96.0,79.2,92.4,10762
1391,2010-09-03,96.0,100.8,90.0,92.4,9971
1392,2010-09-07,93.6,93.6,81.6,82.8,3976
1393,2010-09-08,86.4,86.4,82.8,82.8,2989
1394,2010-09-09,84.0,91.2,82.8,86.4,2672
1395,2010-09-10,86.4,92.4,86.4,88.8,1932
1396,2010-09-13,92.4,94.8,90.0,92.4,4067
1397,2010-09-14,94.8,100.8,90.0,99.6,4532
1398,2010-09-15,96.0,110.4,92.4,102.0,13091
1399,2010-09-16,102.0,110.4,99.6,105.6,15092
1400,2010-09-17,108.0,130.8,104.4,115.2,24484
1401,2010-09-20,116.4,128.4,116.4,127.2,13528
1402,2010-09-21,134.4,146.4,132.0,138.0,25552
1403,2010-09-22,146.4,146.4,117.6,118.8,23065
1404,2010-09-23,120.0,141.6,111.6,124.8,18037
1405,2010-09-24,134.4,135.6,128.4,134.4,8490
1406,2010-09-27,140.4,150.0,136.8,150.0,19600
1407,2010-09-28,156.0,165.6,151.2,165.6,21673
1408,2010-09-29,168.0,172.8,151.2,156.0,26698
1409,2010-09-30,159.6,164.4,145.2,150.0,13437
1410,2010-10-01,153.6,158.4,148.8,151.2,9057
1411,2010-10-04,150.0,153.6,134.4,136.8,12947
1412,2010-10-05,134.4,146.4,134.4,142.8,8821
1413,2010-10-06,150.0,153.6,144.0,150.0,6581
1414,2010-10-07,153.6,158.4,151.2,152.4,8870
1415,2010-10-08,157.2,159.6,145.2,159.6,19343
1416,2010-10-11,162.0,164.4,156.0,157.2,12641
1417,2010-10-12,159.6,163.2,153.6,163.2,9305
1418,2010-10-13,165.6,176.4,160.8,170.4,15454
1419,2010-10-14,169.2,172.8,163.2,171.6,12629
1420,2010-10-15,171.6,171.6,165.6,168.0,5275
1421,2010-10-18,168.0,170.4,145.2,153.6,13456
1422,2010-10-19,150.0,151.2,138.0,140.4,14157
1423,2010-10-20,140.4,152.4,140.4,150.0,9354
1424,2010-10-21,154.8,162.0,141.6,148.8,14160
1425,2010-10-22,151.2,157.2,145.2,147.6,5198
1426,2010-10-25,148.8,153.6,146.4,146.4,5722
1427,2010-10-26,146.4,162.0,142.8,160.8,24584
1428,2010-10-27,165.6,165.6,148.8,158.4,6966
1429,2010-10-28,160.8,162.0,150.0,156.0,7711
1430,2010-10-29,141.6,158.4,139.2,156.0,67204
1431,2010-11-01,151.2,158.4,150.0,154.8,14924
1432,2010-11-02,158.4,213.6,156.0,201.6,60321
1433,2010-11-03,216.0,222.0,187.2,205.2,47994
1434,2010-11-04,222.0,228.0,207.6,213.6,42842
1435,2010-11-05,224.4,224.4,204.0,210.0,14907
1436,2010-11-08,220.8,277.2,216.0,276.0,77918
1437,2010-11-09,324.0,338.4,252.0,265.2,131199
1438,2010-11-10,294.0,321.6,270.0,321.6,77165
1439,2010-11-11,320.4,348.0,288.0,326.4,69266
1440,2010-11-12,312.0,330.0,301.2,320.4,39329
1441,2010-11-15,326.4,336.0,302.4,310.8,31702
1442,2010-11-16,297.6,298.8,254.4,268.8,58674
1443,2010-11-17,276.0,298.8,270.0,282.0,30141
1444,2010-11-18,310.8,310.8,284.4,290.4,27280
1445,2010-11-19,291.6,303.6,278.4,295.2,17737
1446,2010-11-22,300.0,309.6,295.2,301.2,16480
1447,2010-11-23,297.6,345.6,294.0,339.6,63420
1448,2010-11-24,354.0,372.0,336.0,340.8,66612
1449,2010-11-26,346.8,390.0,339.6,381.6,49971
1450,2010-11-29,396.0,429.6,391.2,418.8,95497
1451,2010-11-30,409.2,474.0,398.4,439.2,113163
1452,2010-12-01,457.2,477.6,442.8,450.0,94613
1453,2010-12-02,448.8,459.6,423.6,433.2,62650
1454,2010-12-03,422.4,436.8,385.2,420.0,67338
1455,2010-12-06,422.4,452.4,416.4,448.8,51014
1456,2010-12-07,468.0,469.2,434.4,438.0,37232
1457,2010-12-08,438.0,439.2,390.0,393.6,59366
1458,2010-12-09,402.0,420.0,399.6,418.8,29391
1459,2010-12-10,421.2,429.6,402.0,415.2,18746
1460,2010-12-13,410.4,410.4,363.6,374.4,65454
1461,2010-12-14,373.2,374.4,332.4,340.8,77594
1462,2010-12-15,328.8,368.4,318.0,348.0,51187
1463,2010-12-16,360.0,382.8,356.4,376.8,38499
1464,2010-12-17,382.8,387.6,366.0,372.0,23088
1465,2010-12-20,378.0,380.4,348.0,361.2,24602
1466,2010-12-21,364.8,374.4,357.6,370.8,15406
1467,2010-12-22,379.2,394.8,369.6,394.8,27750
1468,2010-12-23,404.4,417.6,396.0,397.2,31193
1469,2010-12-27,397.2,397.2,384.0,384.0,13725
1470,2010-12-28,385.2,392.4,370.8,378.0,19788
1471,2010-12-29,380.4,414.0,375.6,410.4,49655
1472,2010-12-30,429.6,432.0,403.2,405.6,36383
1473,2010-12-31,396.0,414.0,391.2,408.0,15931
1474,2011-01-03,427.2,430.8,409.2,421.2,34130
1475,2011-01-04,422.4,424.8,375.6,403.2,43159
1476,2011-01-05,390.0,399.6,379.2,398.4,21655
1477,2011-01-06,392.4,394.8,368.4,372.0,30601
1478,2011-01-07,368.4,375.6,348.0,351.6,33674
1479,2011-01-10,351.6,376.8,342.0,367.2,25249
1480,2011-01-11,384.0,387.6,373.2,386.4,25851
1481,2011-01-12,396.0,397.2,379.2,387.6,26766
1482,2011-01-13,387.6,392.4,372.0,378.0,17559
1483,2011-01-14,376.8,378.0,368.4,372.0,9630
1484,2011-01-18,374.4,387.6,372.0,379.2,19279
1485,2011-01-19,384.0,399.6,372.0,374.4,35728
1486,2011-01-20,366.0,367.2,344.4,354.0,33216
1487,2011-01-21,358.8,366.0,330.0,333.6,39521
1488,2011-01-24,333.6,348.0,319.2,320.4,24403
1489,2011-01-25,320.4,322.8,294.0,302.4,48198
1490,2011-01-26,306.0,348.0,306.0,346.8,34489
1491,2011-01-27,350.4,354.0,320.4,332.4,19742
1492,2011-01-28,327.6,331.2,302.4,304.8,25119
1493,2011-01-31,312.0,332.4,312.0,331.2,25393
1494,2011-02-01,338.4,357.6,337.2,349.2,38508
1495,2011-02-02,352.8,379.2,336.0,373.2,34454
1496,2011-02-03,373.2,376.8,349.2,363.6,21030
1497,2011-02-04,368.4,400.8,356.4,400.8,45740
1498,2011-02-07,399.6,405.6,379.2,385.2,41047
1499,2011-02-08,384.0,390.0,374.4,378.0,17875
1500,2011-02-09,384.0,402.0,373.2,384.0,32530
1501,2011-02-10,379.2,379.2,354.0,369.6,21437
1502,2011-02-11,370.8,388.8,363.6,373.2,17628
1503,2011-02-14,381.6,405.6,378.0,390.0,61501
1504,2011-02-15,403.2,417.6,372.0,372.0,64467
1505,2011-02-16,378.0,380.4,360.0,368.4,29833
1506,2011-02-18,369.6,374.4,357.6,358.8,21404
1507,2011-02-22,348.0,352.8,336.0,340.8,33562
1508,2011-02-23,339.6,342.0,324.0,326.4,24580
1509,2011-02-24,321.6,349.2,319.2,330.0,19080
1510,2011-02-25,343.2,348.0,336.0,345.6,15586
1511,2011-02-28,354.0,356.4,332.4,339.6,13557
1512,2011-03-01,337.2,342.0,332.4,338.4,13063
1513,2011-03-02,333.6,348.0,333.6,338.4,11845
1514,2011-03-03,339.6,358.8,334.8,349.2,14564
1515,2011-03-04,350.4,354.0,339.6,350.4,10531
1516,2011-03-07,356.4,357.6,322.8,332.4,24029
1517,2011-03-08,322.8,324.0,306.0,318.0,21894
1518,2011-03-09,318.0,320.4,303.6,308.4,11738
1519,2011-03-10,300.0,302.4,282.0,285.6,22904
1520,2011-03-11,284.4,285.6,270.0,279.6,21757
1521,2011-03-14,201.6,237.6,189.6,210.0,128083
1522,2011-03-15,168.0,190.8,164.4,189.6,152758
1523,2011-03-16,201.6,208.8,166.8,183.6,103046
1524,2011-03-17,188.4,201.6,183.6,195.6,61477
1525,2011-03-18,208.8,264.0,201.6,260.4,143671
1526,2011-03-21,276.0,280.8,235.2,255.6,119052
1527,2011-03-22,258.0,268.8,253.2,267.6,46991
1528,2011-03-23,274.8,274.8,254.4,266.4,31854
1529,2011-03-24,270.0,282.0,265.2,268.8,26618
1530,2011-03-25,273.6,274.8,256.8,260.4,25154
1531,2011-03-28,256.8,258.0,241.2,242.4,34862
1532,2011-03-29,240.0,246.0,223.2,240.0,30431
1533,2011-03-30,241.2,255.6,240.0,254.4,25407
1534,2011-03-31,258.0,260.4,243.6,248.4,17834
1535,2011-04-01,247.2,256.8,244.8,252.0,15171
1536,2011-04-04,252.0,256.8,246.0,256.8,16461
1537,2011-04-05,252.0,256.8,246.0,249.6,14309
1538,2011-04-06,252.0,260.4,250.8,253.2,15392
1539,2011-04-07,254.4,266.4,254.4,261.6,22450
1540,2011-04-08,264.0,267.6,258.0,260.4,13656
1541,2011-04-11,256.8,260.4,243.6,247.2,16949
1542,2011-04-12,240.0,241.2,224.4,228.0,32864
1543,2011-04-13,228.0,236.4,225.6,229.2,18164
1544,2011-04-14,226.8,234.0,224.4,231.6,18628
1545,2011-04-15,232.8,242.4,232.8,241.2,18086
1546,2011-04-18,241.2,242.4,230.4,234.0,12178
1547,2011-04-19,236.4,238.8,230.4,234.0,9815
1548,2011-04-20,234.0,237.6,231.6,235.2,9563
1549,2011-04-21,237.6,237.6,228.0,234.0,12086
1550,2011-04-25,236.4,237.6,229.2,229.2,8570
1551,2011-04-26,230.4,235.2,228.0,228.0,8338
1552,2011-04-27,228.0,232.8,225.6,228.0,10723
1553,2011-04-28,228.0,234.0,224.4,225.6,10118
1554,2011-04-29,223.2,226.92,214.8,218.4,13200
1555,2011-05-02,216.0,222.0,216.0,222.0,8072
1556,2011-05-03,216.0,224.4,216.0,216.0,12121
1557,2011-05-04,218.4,220.8,204.0,205.2,14571
1558,2011-05-05,196.8,204.0,186.0,194.4,20681
1559,2011-05-06,195.6,201.6,193.2,200.4,9714
1560,2011-05-09,202.8,212.4,201.6,206.4,10809
1561,2011-05-10,207.6,212.4,206.4,212.4,9494
1562,2011-05-11,222.0,224.4,207.6,212.4,12916
1563,2011-05-12,204.0,213.6,195.6,210.0,13180
1564,2011-05-13,207.6,210.0,200.4,202.8,6069
1565,2011-05-16,199.2,205.2,192.0,194.4,9327
1566,2011-05-17,194.4,195.6,183.6,187.2,12613
1567,2011-05-18,187.2,198.0,186.0,193.2,9087
1568,2011-05-19,196.8,199.2,190.8,195.6,7363
1569,2011-05-20,193.2,194.4,188.4,189.6,5076
1570,2011-05-23,184.8,189.6,183.6,186.0,6707
1571,2011-05-24,184.8,190.8,183.6,186.0,7149
1572,2011-05-25,180.0,190.8,180.0,188.4,9177
1573,2011-05-26,190.8,218.4,187.2,218.4,24034
1574,2011-05-27,220.8,237.6,217.2,232.8,36832
1575,2011-05-31,228.0,230.4,213.6,217.2,20620
1576,2011-06-01,214.8,222.0,211.2,213.6,11309
1577,2011-06-02,216.0,228.0,210.0,217.2,9355
1578,2011-06-03,213.6,219.6,204.0,206.4,10965
1579,2011-06-06,207.6,211.2,198.0,199.2,10276
1580,2011-06-07,196.8,208.8,188.4,207.6,12723
1581,2011-06-08,204.0,206.4,187.2,198.0,13655
1582,2011-06-09,198.0,204.0,177.6,202.8,13946
1583,2011-06-10,200.4,200.4,192.0,196.8,7167
1584,2011-06-13,192.0,199.2,181.2,188.4,15072
1585,2011-06-14,186.0,192.0,181.2,187.2,12938
1586,2011-06-15,182.4,188.4,181.2,184.8,7761
1587,2011-06-16,186.0,188.4,177.6,180.0,10582
1588,2011-06-17,182.4,184.8,165.6,182.4,24349
1589,2011-06-20,177.6,181.2,168.0,181.2,8170
1590,2011-06-21,181.2,183.6,175.2,182.4,10733
1591,2011-06-22,182.4,192.0,180.0,189.6,12458
1592,2011-06-23,187.2,189.6,182.4,189.6,8096
1593,2011-06-24,190.8,202.8,187.2,196.8,108174
1594,2011-06-27,199.2,204.0,188.4,190.8,10313
1595,2011-06-28,192.0,196.8,187.2,192.0,5389
1596,2011-06-29,196.8,196.8,189.6,192.0,6201
1597,2011-06-30,193.2,201.6,193.2,200.4,10588
1598,2011-07-01,201.6,205.2,198.0,201.6,7621
1599,2011-07-05,204.0,210.0,198.0,208.8,11543
1600,2011-07-06,208.8,213.6,206.4,213.6,6976
1601,2011-07-07,214.8,217.2,213.6,216.0,7417
1602,2011-07-08,214.8,214.8,204.0,211.2,8371
1603,2011-07-11,210.0,211.2,204.0,204.0,7124
1604,2011-07-12,202.8,214.8,199.2,214.8,7939
1605,2011-07-13,216.0,216.0,207.6,212.4,6321
1606,2011-07-14,214.8,214.8,208.8,212.4,7762
1607,2011-07-15,212.4,213.6,206.4,212.4,4042
1608,2011-07-18,212.4,212.4,198.0,204.0,6510
1609,2011-07-19,205.2,207.6,193.2,195.6,11123
1610,2011-07-20,194.4,198.0,192.0,192.0,6046
1611,2011-07-21,194.4,200.4,194.4,196.8,6445
1612,2011-07-22,196.8,210.0,194.4,207.6,15027
1613,2011-07-25,206.4,206.4,192.0,192.0,12980
1614,2011-07-26,192.0,198.0,192.0,196.8,5333
1615,2011-07-27,196.8,198.0,187.2,188.4,12245
1616,2011-07-28,187.2,189.6,181.2,182.4,11104
1617,2011-07-29,180.0,182.4,174.0,174.0,17688
1618,2011-08-01,183.6,187.2,178.8,182.4,8098
1619,2011-08-02,182.4,188.4,180.0,181.2,9356
1620,2011-08-03,182.4,182.4,169.2,174.0,8814
1621,2011-08-04,172.8,172.8,154.8,154.8,14747
1622,2011-08-05,154.8,163.2,120.0,139.2,24996
1623,2011-08-08,121.2,130.8,117.6,117.6,22846
1624,2011-08-09,123.6,135.6,121.2,133.2,18926
1625,2011-08-10,136.8,144.0,134.4,136.8,17171
1626,2011-08-11,140.4,146.4,133.2,144.0,10872
1627,2011-08-12,145.2,154.8,145.2,151.2,12215
1628,2011-08-15,156.0,175.2,151.2,171.6,15111
1629,2011-08-16,165.6,166.8,154.8,157.2,15166
1630,2011-08-17,159.6,163.2,144.0,152.4,13265
1631,2011-08-18,139.2,144.0,136.8,140.4,10353
1632,2011-08-19,134.4,140.4,133.2,135.6,11843
1633,2011-08-22,145.2,146.4,124.8,127.2,16977
1634,2011-08-23,129.6,140.4,127.2,138.0,9828
1635,2011-08-24,138.0,140.4,133.2,139.2,8051
1636,2011-08-25,138.0,138.0,124.8,130.8,11459
1637,2011-08-26,127.2,133.2,126.0,133.2,6137
1638,2011-08-29,135.6,139.2,133.2,138.0,10295
1639,2011-08-30,136.8,142.8,135.6,138.0,12121
1640,2011-08-31,142.8,150.0,138.0,140.4,23185
1641,2011-09-01,139.2,142.8,133.2,134.4,11163
1642,2011-09-02,132.0,135.6,128.4,129.6,9625
1643,2011-09-06,123.6,128.4,120.0,126.0,11230
1644,2011-09-07,128.4,133.2,128.4,132.0,8668
1645,2011-09-08,130.8,134.4,123.6,124.8,14078
1646,2011-09-09,123.6,128.4,123.6,126.0,13269
1647,2011-09-12,120.0,126.0,120.0,122.4,12413
1648,2011-09-13,126.0,127.2,121.2,124.8,9465
1649,2011-09-14,127.2,127.2,121.2,123.6,6626
1650,2011-09-15,123.6,127.2,122.4,127.2,9822
1651,2011-09-16,129.6,129.6,120.0,120.0,11254
1652,2011-09-19,118.8,120.0,116.4,117.6,5920
1653,2011-09-20,117.6,121.2,115.2,116.4,6453
1654,2011-09-21,115.2,115.2,100.8,100.8,20540
1655,2011-09-22,92.4,96.0,86.4,90.0,13310
1656,2011-09-23,90.0,96.0,88.8,91.2,6833
1657,2011-09-26,92.4,96.0,86.4,92.4,4459
1658,2011-09-27,94.8,106.8,94.8,102.0,9685
1659,2011-09-28,104.4,104.4,92.4,93.6,5692
1660,2011-09-29,96.0,98.4,87.6,93.6,5873
1661,2011-09-30,91.2,93.6,80.4,81.78,9697
1662,2011-10-03,79.2,80.4,66.0,67.2,13388
1663,2011-10-04,64.8,85.2,62.4,84.0,12302
1664,2011-10-05,84.0,88.8,82.8,86.4,4997
1665,2011-10-06,87.6,98.4,87.6,93.6,6328
1666,2011-10-07,93.6,93.6,84.0,85.2,4279
1667,2011-10-10,90.0,94.8,85.2,94.8,5817
1668,2011-10-11,104.4,108.0,98.4,103.2,8163
1669,2011-10-12,104.4,112.8,104.4,109.2,7533
1670,2011-10-13,111.6,111.6,99.6,104.4,5543
1671,2011-10-14,106.8,110.4,104.4,108.0,5765
1672,2011-10-17,109.2,109.2,92.4,92.4,5764
1673,2011-10-18,102.0,121.2,96.0,110.4,21975
1674,2011-10-19,111.6,132.0,111.6,129.6,27827
1675,2011-10-20,129.6,176.4,129.6,166.8,54360
1676,2011-10-21,171.6,172.8,148.8,156.0,23534
1677,2011-10-24,157.2,166.8,151.2,157.2,11292
1678,2011-10-25,153.6,157.2,140.4,145.2,11340
1679,2011-10-26,150.0,156.0,145.2,153.6,13017
1680,2011-10-27,162.0,163.2,152.4,158.4,12879
1681,2011-10-28,159.6,162.0,153.6,156.0,7748
1682,2011-10-31,153.6,153.6,139.2,144.0,7532
1683,2011-11-01,133.2,141.6,121.2,138.0,12391
1684,2011-11-02,140.4,146.4,139.2,141.6,4994
1685,2011-11-03,146.4,146.4,135.6,139.2,6286
1686,2011-11-04,130.8,136.8,129.6,133.2,7461
1687,2011-11-07,133.2,134.4,122.4,128.4,8033
1688,2011-11-08,132.0,135.6,128.4,133.2,5547
1689,2011-11-09,129.6,130.8,123.6,123.6,7762
1690,2011-11-10,129.6,133.2,124.8,127.2,5047
1691,2011-11-11,129.6,132.0,124.8,129.6,3908
1692,2011-11-14,128.4,130.8,121.2,122.4,5012
1693,2011-11-15,121.2,124.8,121.2,123.6,6834
1694,2011-11-16,108.0,118.8,108.0,109.2,13284
1695,2011-11-17,108.0,110.4,105.6,105.6,5580
1696,2011-11-18,106.8,110.4,106.8,108.0,4395
1697,2011-11-21,105.6,105.6,100.8,102.0,4388
1698,2011-11-22,102.0,112.8,99.6,104.4,6824
1699,2011-11-23,102.0,103.2,96.0,96.0,5694
1700,2011-11-25,96.0,98.4,96.0,96.0,1873
1701,2011-11-28,102.0,105.6,98.4,103.2,6163
1702,2011-11-29,103.2,126.0,103.2,124.8,17171
1703,2011-11-30,128.4,129.6,114.0,124.8,16891
1704,2011-12-01,121.2,121.2,115.2,115.2,6542
1705,2011-12-02,118.8,120.0,111.6,112.8,4269
1706,2011-12-05,112.8,117.6,110.4,112.8,5336
1707,2011-12-06,110.4,110.87,105.6,109.4,4861
1708,2011-12-07,109.2,110.4,105.6,108.0,5389
1709,2011-12-08,108.0,111.6,100.8,102.0,5729
1710,2011-12-09,103.2,105.6,102.0,103.2,4953
1711,2011-12-12,100.8,110.4,98.4,106.8,5946
1712,2011-12-13,109.2,110.4,99.6,100.8,5137
1713,2011-12-14,99.6,100.8,96.0,96.0,5338
1714,2011-12-15,97.2,99.6,91.2,97.2,7781
1715,2011-12-16,98.4,102.0,93.936,100.8,6305
1716,2011-12-19,102.0,103.2,93.6,94.8,3456
1717,2011-12-20,97.2,100.8,93.6,98.4,7261
1718,2011-12-21,96.0,97.2,92.4,94.8,4704
1719,2011-12-22,92.4,94.8,90.0,90.0,7490
1720,2011-12-23,92.4,95.688,92.4,93.84,3711
1721,2011-12-27,93.6,93.6,90.0,92.4,3775
1722,2011-12-28,90.0,92.4,87.6,92.4,9336
1723,2011-12-29,96.0,96.0,87.6,88.8,5306
1724,2011-12-30,88.8,90.0,85.2,87.6,12736
1725,2012-01-03,90.0,94.8,87.6,94.8,14252
1726,2012-01-04,94.8,98.4,92.4,97.2,5934
1727,2012-01-05,97.2,99.6,92.4,96.0,4385
1728,2012-01-06,94.8,96.0,91.2,92.4,3418
1729,2012-01-09,93.456,93.456,90.0,91.2,3283
1730,2012-01-10,93.6,96.0,92.4,93.624,4248
1731,2012-01-11,93.6,98.268,91.8,96.0,7953
1732,2012-01-12,97.2,101.99,93.9,98.88,9473
1733,2012-01-13,98.4,98.4,94.212,96.0,7420
1734,2012-01-17,103.2,114.0,97.56,103.2,38959
1735,2012-01-18,103.2,114.0,102.0,108.6,18855
1736,2012-01-19,112.8,129.6,110.4,129.6,36443
1737,2012-01-20,134.4,136.8,121.2,129.6,20564
1738,2012-01-23,134.4,138.0,129.6,135.6,17205
1739,2012-01-24,135.6,138.0,121.2,128.4,15735
1740,2012-01-25,130.8,134.4,126.0,130.8,14382
1741,2012-01-26,133.2,140.4,130.8,132.0,15404
1742,2012-01-27,132.0,132.0,117.6,121.2,21599
1743,2012-01-30,120.0,122.4,111.12,116.32,16500
1744,2012-01-31,120.0,120.0,96.0,98.4,43733
1745,2012-02-01,102.0,113.82,100.8,110.18,25581
1746,2012-02-02,111.6,112.8,105.78,110.76,10030
1747,2012-02-03,117.6,117.6,111.6,112.8,10452
1748,2012-02-06,114.0,114.0,108.22,109.68,6441
1749,2012-02-07,110.16,110.16,105.6,108.48,7445
1750,2012-02-08,109.2,112.32,108.1,111.6,4368
1751,2012-02-09,114.0,123.6,109.2,123.6,32271
1752,2012-02-10,120.0,122.4,112.8,114.05,15528
1753,2012-02-13,118.8,126.0,116.4,117.6,8397
1754,2012-02-14,118.8,118.8,114.0,114.0,7020
1755,2012-02-15,116.4,122.4,115.2,122.4,15695
1756,2012-02-16,121.2,133.2,118.8,132.0,41129
1757,2012-02-17,132.0,145.2,132.0,133.2,39297
1758,2012-02-21,135.6,138.12,127.2,128.4,19354
1759,2012-02-22,128.4,134.4,127.2,130.8,12981
1760,2012-02-23,130.8,132.0,127.2,130.8,12442
1761,2012-02-24,130.8,130.8,121.2,123.6,12081
1762,2012-02-27,122.4,124.8,115.2,121.2,14300
1763,2012-02-28,122.4,127.2,121.2,123.6,8143
1764,2012-02-29,124.8,127.2,115.2,115.2,17513
1765,2012-03-01,115.8,122.4,115.8,119.99,7440
1766,2012-03-02,121.2,121.21,116.44,117.0,7091
1767,2012-03-05,118.8,118.8,115.2,115.32,4392
1768,2012-03-06,115.2,115.2,106.8,108.0,14597
1769,2012-03-07,112.8,118.79,110.56,113.96,8697
1770,2012-03-08,117.6,118.8,112.8,116.4,5130
1771,2012-03-09,116.4,121.2,114.0,120.0,9295
1772,2012-03-12,120.0,121.2,115.2,115.8,4927
1773,2012-03-13,117.6,122.4,115.2,122.4,11650
1774,2012-03-14,122.4,123.6,116.4,116.4,7493
1775,2012-03-15,116.4,116.4,115.2,115.2,5787
1776,2012-03-16,116.1,116.1,110.76,111.74,12165
1777,2012-03-19,114.0,114.0,111.6,111.9,4372
1778,2012-03-20,111.6,112.8,110.4,111.6,5345
1779,2012-03-21,112.33,115.56,111.6,115.33,4156
1780,2012-03-22,112.8,114.36,111.6,112.52,4198
1781,2012-03-23,111.61,112.88,111.6,111.83,3637
1782,2012-03-26,112.8,118.08,112.8,115.24,4511
1783,2012-03-27,116.06,118.8,114.28,115.08,5155
1784,2012-03-28,112.8,115.2,111.01,112.48,6247
1785,2012-03-29,111.0,112.8,108.22,109.98,11101
1786,2012-03-30,112.18,113.4,109.19,109.19,3467
1787,2012-04-02,109.2,111.6,106.8,111.6,6920
1788,2012-04-03,111.6,111.6,108.0,108.0,5378
1789,2012-04-04,106.8,108.0,104.4,104.4,5447
1790,2012-04-05,110.4,110.4,105.72,106.69,4222
1791,2012-04-09,108.0,109.2,104.27,104.27,5765
1792,2012-04-10,108.0,110.4,104.4,104.4,6089
1793,2012-04-11,106.91,109.2,105.6,106.4,4651
1794,2012-04-12,107.04,108.0,106.8,107.92,3082
1795,2012-04-13,106.8,107.96,103.8,104.24,3434
1796,2012-04-16,104.4,106.8,100.8,102.0,3940
1797,2012-04-17,100.8,106.92,100.8,103.7,4030
1798,2012-04-18,102.0,106.8,102.0,103.2,3347
1799,2012-04-19,103.42,105.59,98.4,100.37,4942
1800,2012-04-20,106.49,106.49,98.4,99.61,5204
1801,2012-04-23,98.4,100.8,98.316,98.316,3104
1802,2012-04-24,98.4,100.64,97.38,99.67,1866
1803,2012-04-25,100.8,103.2,99.61,99.84,2086
1804,2012-04-26,99.6,99.6,97.62,98.592,3167
1805,2012-04-27,98.4,102.0,98.4,101.28,2760
1806,2012-04-30,100.8,106.73,99.024,105.3,4212
1807,2012-05-01,104.41,110.28,104.41,108.76,5493
1808,2012-05-02,108.0,110.4,105.84,108.0,3176
1809,2012-05-03,106.8,107.99,103.8,105.13,2462
1810,2012-05-04,102.0,105.22,99.6,100.66,3210
1811,2012-05-07,100.8,100.8,97.2,99.61,3219
1812,2012-05-08,98.4,99.6,96.0,98.4,8367
1813,2012-05-09,96.0,99.6,96.0,97.2,2209
1814,2012-05-10,98.4,99.96,97.2,98.4,2006
1815,2012-05-11,96.504,99.312,96.0,96.048,4166
1816,2012-05-14,96.0,98.4,90.0,90.0,5927
1817,2012-05-15,93.0,93.588,88.824,89.94,4340
1818,2012-05-16,90.0,90.0,82.8,83.976,7264
1819,2012-05-17,86.4,86.4,78.0,78.78,7470
1820,2012-05-18,76.8,84.0,75.6,75.6,8483
1821,2012-05-21,76.344,81.6,75.6,81.6,3027
1822,2012-05-22,81.6,85.164,78.0,78.024,3075
1823,2012-05-23,76.8,82.8,75.612,81.72,3293
1824,2012-05-24,85.2,88.812,84.0,86.46,2668
1825,2012-05-25,86.4,92.4,84.18,87.612,3988
1826,2012-05-29,88.8,92.4,86.892,87.192,2569
1827,2012-05-30,86.4,91.188,85.2,85.62,1768
1828,2012-05-31,84.0,87.6,82.8,83.892,2128
1829,2012-06-01,80.4,84.0,78.0,78.012,3850
1830,2012-06-04,79.2,85.2,79.2,80.4,2885
1831,2012-06-05,81.6,84.0,79.2,79.8,2285
1832,2012-06-06,80.4,84.0,80.4,81.648,3825
1833,2012-06-07,86.4,86.4,81.6,82.8,2765
1834,2012-06-08,82.8,83.88,80.4,81.696,2018
1835,2012-06-11,82.8,84.6,79.2,79.2,2959
1836,2012-06-12,79.2,81.6,79.2,81.6,2571
1837,2012-06-13,81.6,83.964,79.476,79.476,3406
1838,2012-06-14,80.4,81.456,76.8,79.188,3537
1839,2012-06-15,79.2,80.376,78.192,79.008,3424
1840,2012-06-18,79.2,82.8,78.012,82.56,3448
1841,2012-06-19,82.8,85.2,81.6,82.884,5577
1842,2012-06-20,83.088,91.98,82.98,91.188,7945
1843,2012-06-21,91.2,92.28,82.8,83.844,6973
1844,2012-06-22,85.2,87.588,80.4,80.4,98247
1845,2012-06-25,80.52,84.0,74.568,74.568,7286
1846,2012-06-26,73.2,79.188,72.0,72.0,7673
1847,2012-06-27,76.2,76.2,72.0,72.0,3737
1848,2012-06-28,72.12,77.88,72.12,72.12,3778
1849,2012-06-29,76.8,76.8,74.4,74.424,2449
1850,2012-07-02,77.064,77.064,74.712,74.712,1347
1851,2012-07-03,74.4,78.132,74.4,74.4,2381
1852,2012-07-05,73.248,76.788,73.248,73.5,3116
1853,2012-07-06,76.2,76.2,73.224,73.8,4332
1854,2012-07-09,76.2,76.2,73.44,73.44,2814
1855,2012-07-10,73.8,75.588,73.62,73.8,3290
1856,2012-07-11,73.2,74.4,72.0,72.0,3710
1857,2012-07-12,74.4,74.4,69.6,70.092,2763
1858,2012-07-13,72.0,72.0,70.8,72.0,985
1859,2012-07-16,72.0,74.4,69.6,70.8,2828
1860,2012-07-17,70.2,71.976,66.3,67.8,5973
1861,2012-07-18,66.096,70.776,63.0,64.8,6633
1862,2012-07-19,64.212,65.4,62.916,63.624,5129
1863,2012-07-20,63.6,66.0,61.2,66.0,3058
1864,2012-07-23,64.8,66.0,62.4,64.74,3907
1865,2012-07-24,64.8,65.856,58.8,58.8,6814
1866,2012-07-25,58.8,62.4,58.8,61.2,6731
1867,2012-07-26,62.16,64.8,61.2,64.2,8720
1868,2012-07-27,64.8,64.8,61.38,63.6,6484
1869,2012-07-30,64.8,64.8,61.56,63.6,2534
1870,2012-07-31,62.4,102.0,62.4,96.0,61766
1871,2012-08-01,76.8,86.4,69.6,73.2,18828
1872,2012-08-02,69.6,74.4,68.4,68.4,3816
1873,2012-08-03,68.4,76.176,68.4,70.74,5411
1874,2012-08-06,70.8,74.4,70.8,73.2,3608
1875,2012-08-07,75.6,75.6,68.544,71.964,4600
1876,2012-08-08,69.6,69.6,66.0,67.8,8727
1877,2012-08-09,68.4,70.8,66.0,70.2,5349
1878,2012-08-10,67.2,71.94,64.8,66.0,6259
1879,2012-08-13,64.356,65.916,60.0,60.24,14025
1880,2012-08-14,61.2,62.4,58.8,61.8,10751
1881,2012-08-15,61.2,66.0,60.0,61.2,18895
1882,2012-08-16,60.6,61.2,58.8,59.82,9428
1883,2012-08-17,59.82,63.6,58.98,61.2,50186
1884,2012-08-20,63.84,63.84,59.22,59.256,13530
1885,2012-08-21,60.0,61.176,58.8,59.256,8179
1886,2012-08-22,60.0,61.14,58.8,61.104,11661
1887,2012-08-23,61.2,62.148,59.4,59.4,5326
1888,2012-08-24,60.6,60.6,58.92,59.4,5360
1889,2012-08-27,60.0,60.6,58.812,60.0,5141
1890,2012-08-28,60.0,60.0,58.8,58.8,5196
1891,2012-08-29,59.4,59.4,58.8,58.8,4950
1892,2012-08-30,58.8,59.748,58.8,58.812,4738
1893,2012-08-31,58.8,59.4,54.0,54.0,14658
1894,2012-09-04,56.4,56.4,46.932,51.6,12590
1895,2012-09-05,53.904,53.904,49.2,51.24,5700
1896,2012-09-06,51.6,55.2,51.6,54.18,5913
1897,2012-09-07,55.2,61.2,54.0,61.2,9431
1898,2012-09-10,62.4,63.0,58.8,62.1,9024
1899,2012-09-11,62.4,63.0,60.0,60.336,4388
1900,2012-09-12,60.0,62.388,58.956,62.28,7551
1901,2012-09-13,62.4,63.0,60.432,62.4,8639
1902,2012-09-14,63.6,75.6,63.6,75.6,35355
1903,2012-09-17,75.6,75.6,69.6,73.2,9003
1904,2012-09-18,74.4,74.4,68.4,72.0,10454
1905,2012-09-19,72.0,73.8,69.6,69.9,5216
1906,2012-09-20,69.6,70.8,64.8,66.0,9944
1907,2012-09-21,68.4,69.732,65.1,69.732,4653
1908,2012-09-24,67.2,69.6,62.4,62.4,6254
1909,2012-09-25,66.0,66.0,60.0,60.0,5651
1910,2012-09-26,60.0,62.4,58.8,59.16,3854
1911,2012-09-27,60.0,62.4,59.988,62.4,2048
1912,2012-09-28,61.2,62.4,61.2,61.2,1474
1913,2012-10-01,61.2,61.332,59.412,60.0,3560
1914,2012-10-02,61.2,61.212,59.172,59.34,1849
1915,2012-10-03,60.0,60.0,58.8,58.8,4852
1916,2012-10-04,58.8,60.0,58.8,59.052,2358
1917,2012-10-05,62.064,62.064,58.8,58.8,2714
1918,2012-10-08,57.6,59.88,56.4,56.4,2497
1919,2012-10-09,58.8,58.8,56.4,56.4,2840
1920,2012-10-10,56.4,56.412,54.0,54.204,5293
1921,2012-10-11,54.6,56.112,54.6,54.66,2730
1922,2012-10-12,55.2,55.2,52.2,52.812,6619
1923,2012-10-15,52.8,54.036,48.324,50.412,12984
1924,2012-10-16,51.6,51.6,49.212,50.412,4084
1925,2012-10-17,50.4,52.668,50.4,51.564,4110
1926,2012-10-18,51.6,52.2,50.4,50.676,3796
1927,2012-10-19,52.8,52.8,49.2,49.2,7292
1928,2012-10-22,49.2,50.388,48.324,49.632,4050
1929,2012-10-23,49.212,49.284,47.772,48.336,8341
1930,2012-10-24,48.0,49.2,46.8,46.8,6089
1931,2012-10-25,46.8,48.36,46.8,47.988,5946
1932,2012-10-26,48.0,48.0,47.1,47.94,3301
1933,2012-10-31,49.2,57.6,49.2,52.8,8840
1934,2012-11-01,56.04,56.04,47.76,49.2,9158
1935,2012-11-02,49.2,50.4,47.316,47.4,4419
1936,2012-11-05,48.36,48.48,47.172,48.48,2527
1937,2012-11-06,49.2,50.4,48.0,49.2,3618
1938,2012-11-07,48.6,50.352,47.16,49.14,3788
1939,2012-11-08,47.4,50.1,47.16,49.2,4680
1940,2012-11-09,47.7,48.0,45.6,45.768,7281
1941,2012-11-12,46.8,48.0,45.6,45.6,3237
1942,2012-11-13,45.6,46.5,44.4,44.412,3699
1943,2012-11-14,45.0,45.48,40.92,42.36,8463
1944,2012-11-15,40.8,41.988,37.512,38.436,8767
1945,2012-11-16,38.4,42.0,38.4,42.0,2772
1946,2012-11-19,42.0,42.0,38.4,39.6,5847
1947,2012-11-20,39.6,42.0,39.6,40.8,1864
1948,2012-11-21,43.2,43.2,40.224,41.532,1412
1949,2012-11-23,40.8,45.6,40.8,44.16,925
1950,2012-11-26,44.136,44.4,42.0,42.672,1261
1951,2012-11-27,42.0,43.2,40.824,42.024,2349
1952,2012-11-28,43.224,44.388,42.072,42.624,1484
1953,2012-11-29,42.0,42.012,40.608,41.58,2415
1954,2012-11-30,40.8,43.188,40.8,41.34,2167
1955,2012-12-03,42.0,42.0,39.6,40.932,5299
1956,2012-12-04,40.8,43.212,39.804,40.56,3859
1957,2012-12-05,42.0,42.0,39.84,40.188,3135
1958,2012-12-06,40.8,40.812,39.876,40.8,2323
1959,2012-12-07,41.976,41.976,39.6,39.648,2351
1960,2012-12-10,39.648,40.788,37.8,38.88,5757
1961,2012-12-11,37.44,39.0,36.72,38.4,5772
1962,2012-12-12,38.4,39.6,37.2,39.6,3785
1963,2012-12-13,39.6,40.764,36.0,36.672,5285
1964,2012-12-14,37.92,39.564,37.608,39.252,2711
1965,2012-12-17,40.176,49.2,40.176,49.2,24970
1966,2012-12-18,47.76,49.2,39.828,40.8,17913
1967,2012-12-19,40.8,43.2,39.6,40.8,4441
1968,2012-12-20,42.0,42.0,39.12,39.12,1922
1969,2012-12-21,41.04,41.4,39.12,41.4,3729
1970,2012-12-24,39.78,42.0,39.78,40.8,899
1971,2012-12-26,39.216,40.8,39.156,40.56,1971
1972,2012-12-27,40.56,40.56,39.12,39.588,4616
1973,2012-12-28,39.6,39.6,36.36,37.8,14230
1974,2012-12-31,37.8,39.492,36.72,38.4,6525
1975,2013-01-02,39.6,40.44,39.036,39.96,3960
1976,2013-01-03,40.8,40.8,39.96,40.296,2017
1977,2013-01-04,40.8,45.6,40.704,43.2,9096
1978,2013-01-07,46.2,48.96,44.772,46.356,13671
1979,2013-01-08,49.2,53.784,47.328,52.2,18303
1980,2013-01-09,53.52,61.2,52.98,61.2,32510
1981,2013-01-10,64.8,72.0,62.4,67.2,44982
1982,2013-01-11,66.0,67.2,56.4,60.0,20662
1983,2013-01-14,59.94,60.0,54.6,54.6,6065
1984,2013-01-15,54.0,54.36,50.388,51.6,11557
1985,2013-01-16,50.4,51.564,50.4,50.772,5871
1986,2013-01-17,51.6,58.8,51.6,56.4,21354
1987,2013-01-18,55.2,57.6,51.6,52.812,11066
1988,2013-01-22,52.8,52.8,50.4,51.6,12759
1989,2013-01-23,45.36,47.88,42.6,47.88,76280
1990,2013-01-24,47.76,52.8,45.36,48.0,28332
1991,2013-01-25,47.28,47.88,45.72,46.08,13125
1992,2013-01-28,45.84,46.2,44.04,45.24,14372
1993,2013-01-29,44.88,44.994,39.12,42.48,23316
1994,2013-01-30,43.44,44.04,41.04,41.88,7604
1995,2013-01-31,41.52,41.88,37.2,38.64,22777
1996,2013-02-01,39.0,41.28,38.64,41.28,24611
1997,2013-02-04,40.8,41.16,39.0,39.12,10901
1998,2013-02-05,39.6,39.84,37.44,38.28,14920
1999,2013-02-06,37.8,37.8,33.72,36.0,56213
2000,2013-02-07,35.52,36.36,35.4,35.88,9153
2001,2013-02-08,35.64,36.0,34.2,34.44,14607
2002,2013-02-11,35.64,35.76,34.44,34.44,15124
2003,2013-02-12,34.44,35.04,33.6,34.8,13547
2004,2013-02-13,35.52,35.52,31.32,31.56,24596
2005,2013-02-14,30.72,31.92,30.6,30.96,14487
2006,2013-02-15,32.04,39.24,31.8,37.32,92568
2007,2013-02-19,37.32,38.16,33.96,35.28,33874
2008,2013-02-20,34.92,37.2,33.24,34.44,37400
2009,2013-02-21,34.32,34.32,31.8,32.52,19643
2010,2013-02-22,32.64,35.28,31.92,31.92,12869
2011,2013-02-25,32.04,33.72,30.72,30.72,19328
2012,2013-02-26,30.72,33.0,30.72,31.92,10038
2013,2013-02-27,31.92,32.4,31.08,31.8,7800
2014,2013-02-28,32.88,33.36,32.04,32.4,13852
2015,2013-03-01,32.4,33.0,31.08,31.44,8864
2016,2013-03-04,31.2,31.92,30.6,30.84,11942
2017,2013-03-05,31.2,31.44,30.84,30.84,5599
2018,2013-03-06,31.56,32.4,30.972,32.04,6828
2019,2013-03-07,31.92,35.04,31.92,32.52,35144
2020,2013-03-08,33.96,34.44,32.52,33.84,27244
2021,2013-03-11,34.2,34.2,32.64,34.2,11940
2022,2013-03-12,33.84,34.079,32.4,32.76,11746
2023,2013-03-13,32.88,34.8,32.28,34.08,33408
2024,2013-03-14,34.92,35.28,33.12,34.92,33876
2025,2013-03-15,34.68,36.48,33.6,34.08,32645
2026,2013-03-18,34.68,35.16,33.0,33.84,11947
2027,2013-03-19,33.84,34.08,31.8,32.64,17934
2028,2013-03-20,32.64,33.24,32.28,33.0,6653
2029,2013-03-21,32.88,33.0,31.8,32.52,9190
2030,2013-03-22,32.4,33.0,31.68,32.88,12098
2031,2013-03-25,32.52,32.708,31.32,31.32,12251
2032,2013-03-26,31.32,32.04,30.72,31.08,10709
2033,2013-03-27,31.2,31.2,30.72,30.84,8497
2034,2013-03-28,31.32,31.32,30.6,31.08,9474
2035,2013-04-01,30.72,30.72,28.8,30.0,24278
2036,2013-04-02,29.28,29.88,27.24,27.48,21251
2037,2013-04-03,27.24,27.24,25.428,26.64,19233
2038,2013-04-04,25.92,26.64,24.6,25.8,10454
2039,2013-04-05,25.8,27.36,25.56,26.28,8428
2040,2013-04-08,26.16,27.24,25.8,26.16,4380
2041,2013-04-09,25.92,26.88,25.801,26.64,5005
2042,2013-04-10,26.16,26.86,25.92,26.52,4226
2043,2013-04-11,26.4,28.908,26.399,27.72,8906
2044,2013-04-12,27.6,27.96,26.4,26.52,4896
2045,2013-04-15,26.04,26.4,24.96,25.2,6284
2046,2013-04-16,25.92,25.92,25.2,25.56,2672
2047,2013-04-17,25.44,25.62,24.0,24.24,11209
2048,2013-04-18,24.48,24.599,22.8,22.8,7771
2049,2013-04-19,22.08,22.2,21.0,22.079,11096
2050,2013-04-22,22.44,23.388,21.72,22.56,3549
2051,2013-04-23,22.44,23.4,21.84,22.2,3808
2052,2013-04-24,22.08,22.872,22.08,22.68,2976
2053,2013-04-25,23.159,23.16,22.44,22.561,4239
2054,2013-04-26,22.68,23.28,22.44,22.92,2710
2055,2013-04-29,23.4,24.84,22.92,24.24,7868
2056,2013-04-30,24.48,25.068,23.4,24.24,4267
2057,2013-05-01,24.192,24.468,23.4,23.4,1137
2058,2013-05-02,23.88,26.4,23.52,25.56,10993
2059,2013-05-03,26.04,27.0,25.8,26.4,8303
2060,2013-05-06,26.76,29.52,26.76,29.28,13931
2061,2013-05-07,28.8,29.16,27.36,28.8,7909
2062,2013-05-08,28.32,29.52,27.6,28.08,13672
2063,2013-05-09,27.72,29.4,27.72,28.8,6038
2064,2013-05-10,28.44,30.0,28.321,30.0,17388
2065,2013-05-13,30.0,31.32,28.32,29.52,12606
2066,2013-05-14,29.52,29.52,28.44,28.8,3431
2067,2013-05-15,28.44,28.92,27.48,27.48,7229
2068,2013-05-16,27.84,28.8,27.041,28.8,6721
2069,2013-05-17,28.92,29.28,28.44,28.56,3349
2070,2013-05-20,29.16,31.079,28.44,30.36,10339
2071,2013-05-21,30.48,33.96,29.4,33.36,29406
2072,2013-05-22,34.44,36.0,31.92,32.16,28859
2073,2013-05-23,31.68,31.68,29.04,30.72,21019
2074,2013-05-24,30.72,32.04,30.372,32.04,7921
2075,2013-05-28,32.04,32.04,30.72,31.32,11255
2076,2013-05-29,30.96,33.6,30.84,33.36,15750
2077,2013-05-30,33.6,34.32,31.92,33.84,12529
2078,2013-05-31,33.84,36.0,33.24,35.4,25123
2079,2013-06-03,35.88,36.84,33.24,36.0,22956
2080,2013-06-04,35.52,36.24,33.84,33.93,9824
2081,2013-06-05,33.6,33.84,31.8,31.8,16850
2082,2013-06-06,31.8,32.28,29.52,30.96,18313
2083,2013-06-07,30.96,31.44,30.72,30.84,5012
2084,2013-06-10,31.2,32.52,30.6,31.92,6323
2085,2013-06-11,30.96,32.4,30.84,31.68,3444
2086,2013-06-12,31.32,32.04,30.0,30.36,3904
2087,2013-06-13,30.12,30.24,28.8,29.16,5289
2088,2013-06-14,29.04,31.08,29.04,30.72,4094
2089,2013-06-17,31.32,31.32,29.88,30.36,1692
2090,2013-06-18,30.0,31.8,30.0,30.36,3650
2091,2013-06-19,30.12,30.84,30.12,30.479,1238
2092,2013-06-20,28.92,30.228,28.8,29.76,6023
2093,2013-06-21,30.36,30.36,29.352,29.4,3314
2094,2013-06-24,28.92,29.04,27.84,28.08,5282
2095,2013-06-25,28.08,29.88,27.6,29.16,3964
2096,2013-06-26,29.88,31.2,29.88,31.14,6161
2097,2013-06-27,30.96,31.2,30.139,30.24,2550
2098,2013-06-28,30.36,31.56,29.52,31.56,9320
2099,2013-07-01,31.2,31.56,30.132,31.2,3130
2100,2013-07-02,31.68,33.0,31.561,32.4,8116
2101,2013-07-03,32.4,32.76,31.44,31.56,4314
2102,2013-07-05,32.16,32.16,30.48,30.96,4091
2103,2013-07-08,30.96,30.96,30.0,30.6,2311
2104,2013-07-09,30.48,31.2,30.12,30.72,4309
2105,2013-07-10,30.6,31.692,30.12,30.96,2816
2106,2013-07-11,31.44,31.919,30.0,30.0,2497
2107,2013-07-12,30.0,31.32,30.0,30.96,2132
2108,2013-07-15,31.2,31.8,30.72,30.72,1243
2109,2013-07-16,30.72,31.08,30.0,30.24,2929
2110,2013-07-17,30.001,30.72,29.544,29.76,4617
2111,2013-07-18,29.76,30.72,29.76,30.0,2506
2112,2013-07-19,29.52,31.32,29.52,31.2,3934
2113,2013-07-22,31.44,38.52,31.32,38.4,109487
2114,2013-07-23,38.4,47.28,36.96,40.2,167319
2115,2013-07-24,40.8,42.48,39.12,40.8,53702
2116,2013-07-25,39.96,42.36,36.72,36.96,31974
2117,2013-07-26,37.32,51.72,36.96,49.8,240841
2118,2013-07-29,55.32,66.36,53.52,63.84,706655
2119,2013-07-30,59.4,61.44,51.96,54.0,254942
2120,2013-07-31,50.64,51.6,44.04,45.12,186033
2121,2013-08-01,44.88,48.6,44.16,46.08,78816
2122,2013-08-02,45.24,45.6,42.0,42.6,47640
2123,2013-08-05,41.88,46.2,40.32,42.0,66359
2124,2013-08-06,41.16,43.8,40.44,41.4,35318
2125,2013-08-07,40.8,44.76,39.96,42.12,51750
2126,2013-08-08,42.36,46.308,42.0,44.28,69959
2127,2013-08-09,43.56,44.4,40.56,40.68,39675
2128,2013-08-12,41.4,45.12,40.68,43.44,42617
2129,2013-08-13,43.56,44.399,42.0,43.08,18353
2130,2013-08-14,43.2,48.0,42.6,45.6,44908
2131,2013-08-15,45.6,46.8,43.32,43.8,27430
2132,2013-08-16,43.44,44.399,42.12,42.84,18095
2133,2013-08-19,42.72,42.72,40.56,40.68,25449
2134,2013-08-20,40.8,42.48,39.84,41.04,17822
2135,2013-08-21,41.04,41.64,37.2,37.8,27304
2136,2013-08-22,38.28,40.2,38.28,38.76,20652
2137,2013-08-23,39.0,40.32,38.4,39.6,12520
2138,2013-08-26,39.6,42.24,39.24,40.2,33646
2139,2013-08-27,39.48,40.2,38.16,39.0,24398
2140,2013-08-28,38.52,39.36,37.44,38.16,16183
2141,2013-08-29,38.04,38.64,36.72,38.04,10011
2142,2013-08-30,38.16,38.64,38.16,38.52,3883
2143,2013-09-03,38.52,39.0,36.24,36.36,16329
2144,2013-09-04,36.36,36.84,33.0,33.72,38147
2145,2013-09-05,34.08,35.16,33.12,33.6,17546
2146,2013-09-06,33.6,33.6,31.08,31.44,32473
2147,2013-09-09,31.56,34.284,30.96,33.36,29545
2148,2013-09-10,33.36,34.68,33.0,33.36,15337
2149,2013-09-11,33.48,35.4,33.48,34.32,8907
2150,2013-09-12,34.32,34.44,32.64,32.76,8713
2151,2013-09-13,32.52,33.6,31.2,32.04,11460
2152,2013-09-16,32.28,32.76,31.32,32.04,10318
2153,2013-09-17,32.16,32.999,31.56,32.16,4314
2154,2013-09-18,31.8,32.994,31.44,32.04,6996
2155,2013-09-19,32.16,36.36,32.04,34.08,38538
2156,2013-09-20,33.72,34.56,32.88,33.24,11055
2157,2013-09-23,32.88,33.0,31.68,31.8,16295
2158,2013-09-24,31.8,32.64,31.32,32.4,9917
2159,2013-09-25,32.52,33.0,31.44,31.56,7000
2160,2013-09-26,31.56,31.8,30.24,30.36,16817
2161,2013-09-27,30.24,32.4,30.24,30.36,27367
2162,2013-09-30,30.24,31.2,29.16,29.4,18892
2163,2013-10-01,29.16,29.64,28.8,28.8,21708
2164,2013-10-02,28.8,30.36,28.2,28.68,29367
2165,2013-10-03,29.4,29.4,27.84,28.2,14150
2166,2013-10-04,28.8,28.8,27.0,27.6,15408
2167,2013-10-07,27.36,28.2,27.0,27.84,8250
2168,2013-10-08,27.84,27.84,26.52,27.12,19355
2169,2013-10-09,28.2,33.0,28.2,30.84,75200
2170,2013-10-10,31.2,33.0,31.2,31.92,31750
2171,2013-10-11,33.0,33.48,30.72,30.72,16792
2172,2013-10-14,31.08,31.2,30.24,31.08,6275
2173,2013-10-15,31.32,32.4,31.08,31.92,15517
2174,2013-10-16,31.68,31.68,30.24,31.08,9617
2175,2013-10-17,31.32,34.08,30.84,32.76,49564
2176,2013-10-18,33.0,33.48,31.44,31.92,20558
2177,2013-10-21,32.16,32.76,31.32,32.28,8980
2178,2013-10-22,32.28,32.76,30.96,30.96,9450
2179,2013-10-23,30.72,30.96,30.36,30.84,12767
2180,2013-10-24,30.72,30.72,29.76,29.76,9933
2181,2013-10-25,30.24,32.16,30.0,31.32,11950
2182,2013-10-28,31.8,32.4,30.6,30.72,13833
2183,2013-10-29,30.6,32.16,30.6,31.32,15583
2184,2013-10-30,31.32,31.92,29.4,29.64,18550
2185,2013-10-31,29.4,30.119,28.2,28.32,15479
2186,2013-11-01,28.44,30.0,28.08,29.88,7992
2187,2013-11-04,30.12,31.32,30.0,31.32,11625
2188,2013-11-05,31.44,31.68,30.12,30.72,8517
2189,2013-11-06,30.6,30.6,29.28,29.88,9300
2190,2013-11-07,29.88,30.12,28.44,28.56,5992
2191,2013-11-08,28.92,29.52,28.56,29.04,4708
2192,2013-11-11,29.04,31.8,29.04,30.84,22458
2193,2013-11-12,31.08,31.8,29.28,29.64,11092
2194,2013-11-13,29.64,36.0,29.04,34.08,104475
2195,2013-11-14,34.08,34.2,31.68,32.64,35117
2196,2013-11-15,32.88,33.12,31.2,31.8,11250
2197,2013-11-18,32.04,33.36,31.918,32.4,17838
2198,2013-11-19,34.2,34.2,32.52,33.24,15733
2199,2013-11-20,35.4,40.2,33.84,36.48,108567
2200,2013-11-21,37.08,39.12,36.36,38.4,30258
2201,2013-11-22,41.16,41.4,39.6,40.92,40024
2202,2013-11-25,42.6,42.6,36.72,38.76,38000
2203,2013-11-26,38.52,38.935,36.84,37.2,15617
2204,2013-11-27,37.32,39.96,36.96,39.12,24608
2205,2013-11-29,39.6,41.64,39.12,39.72,13327
2206,2013-12-02,39.72,41.04,39.6,40.68,15250
2207,2013-12-03,40.2,40.2,37.32,38.64,21983
2208,2013-12-04,38.4,38.88,37.32,38.16,9417
2209,2013-12-05,39.12,40.2,38.4,38.88,10600
2210,2013-12-06,38.88,39.12,37.32,37.44,15458
2211,2013-12-09,38.28,38.28,34.8,35.52,25817
2212,2013-12-10,34.801,35.4,33.001,35.04,20727
2213,2013-12-11,35.4,35.4,33.84,34.08,7683
2214,2013-12-12,33.12,35.52,33.0,34.56,10842
2215,2013-12-13,35.04,35.28,33.84,33.84,4871
2216,2013-12-16,33.6,34.2,30.96,31.32,25817
2217,2013-12-17,31.68,32.4,31.2,32.16,7850
2218,2013-12-18,32.52,32.64,31.44,31.68,9600
2219,2013-12-19,31.92,33.36,31.92,32.4,6704
2220,2013-12-20,32.88,35.04,32.4,35.04,9593
2221,2013-12-23,34.92,36.264,32.52,36.0,10817
2222,2013-12-24,36.0,36.0,33.6,35.4,3018
2223,2013-12-26,35.28,36.24,34.44,35.88,7779
2224,2013-12-27,35.76,37.56,34.8,37.44,13392
2225,2013-12-30,37.44,37.68,35.4,37.56,11408
2226,2013-12-31,37.2,37.44,36.12,36.36,10033
2227,2014-01-02,36.24,36.6,35.04,36.24,9491
2228,2014-01-03,36.12,37.08,34.8,36.72,6820
2229,2014-01-06,37.08,38.4,36.6,38.28,13867
2230,2014-01-07,38.4,42.36,37.68,42.36,46049
2231,2014-01-08,42.0,42.48,38.04,39.48,19560
2232,2014-01-09,39.84,40.32,37.2,38.04,14465
2233,2014-01-10,37.68,38.28,36.24,36.72,11792
2234,2014-01-13,37.08,38.16,36.6,36.72,13638
2235,2014-01-14,38.28,40.2,37.56,40.08,15667
2236,2014-01-15,41.4,44.04,40.2,44.04,44758
2237,2014-01-16,44.52,47.64,44.4,46.08,36833
2238,2014-01-17,46.8,47.4,42.24,44.16,31387
2239,2014-01-21,44.16,45.6,42.12,43.92,23508
2240,2014-01-22,44.04,48.6,43.32,48.48,78758
2241,2014-01-23,46.92,47.04,43.92,45.6,30367
2242,2014-01-24,45.6,46.08,40.2,42.12,34017
2243,2014-01-27,41.88,42.48,39.0,41.4,24817
2244,2014-01-28,42.12,45.36,41.28,42.0,43242
2245,2014-01-29,41.4,43.32,40.8,41.88,12433
2246,2014-01-30,41.76,43.08,40.92,41.52,6467
2247,2014-01-31,40.8,41.28,39.0,39.0,16537
2248,2014-02-03,39.36,41.52,39.0,39.96,14048
2249,2014-02-04,39.6,40.8,38.76,38.76,13066
2250,2014-02-05,39.12,39.485,38.76,39.36,7154
2251,2014-02-06,39.48,42.12,39.48,41.28,8316
2252,2014-02-07,36.12,36.24,32.52,34.68,91915
2253,2014-02-10,35.28,35.64,31.8,32.4,67774
2254,2014-02-11,33.0,34.8,32.88,34.44,22886
2255,2014-02-12,35.64,35.64,33.84,34.56,21262
2256,2014-02-13,34.44,35.203,33.6,33.72,27914
2257,2014-02-14,34.2,34.44,32.52,32.64,36188
2258,2014-02-18,33.24,36.0,32.4,33.72,71075
2259,2014-02-19,33.84,33.84,32.4,32.46,32155
2260,2014-02-20,32.52,33.0,31.32,31.44,34008
2261,2014-02-21,31.8,32.16,30.96,31.2,23359
2262,2014-02-24,31.2,33.24,31.2,32.52,24663
2263,2014-02-25,33.6,37.68,33.12,36.96,172373
2264,2014-02-26,36.36,39.84,36.0,36.36,129122
2265,2014-02-27,37.08,39.72,36.0,38.76,60353
2266,2014-02-28,39.0,39.48,38.4,38.52,33644
2267,2014-03-03,38.28,39.48,36.36,37.92,48684
2268,2014-03-04,38.88,40.56,38.16,40.2,54775
2269,2014-03-05,40.2,40.2,37.92,38.64,33114
2270,2014-03-06,39.12,40.2,36.6,37.44,35650
2271,2014-03-07,37.44,37.8,36.36,37.08,16391
2272,2014-03-10,37.2,37.2,34.32,35.4,31055
2273,2014-03-11,35.4,36.6,33.6,34.08,27525
2274,2014-03-12,34.2,35.16,33.0,34.56,21900
2275,2014-03-13,35.04,36.96,34.56,34.92,27077
2276,2014-03-14,35.4,35.88,34.68,35.04,7337
2277,2014-03-17,35.64,35.999,34.44,34.56,11580
2278,2014-03-18,34.92,36.6,34.32,36.36,19564
2279,2014-03-19,36.12,37.44,36.12,36.24,13420
2280,2014-03-20,35.88,37.08,35.64,36.24,14024
2281,2014-03-21,36.36,36.6,35.28,36.0,15012
2282,2014-03-24,36.0,36.36,33.24,34.2,39916
2283,2014-03-25,34.44,35.279,33.24,33.24,20673
2284,2014-03-26,33.36,35.28,33.24,33.48,15725
2285,2014-03-27,33.6,34.08,33.0,33.0,16090
2286,2014-03-28,33.24,33.6,32.64,32.64,20118
2287,2014-03-31,32.52,33.24,32.4,33.12,11520
2288,2014-04-01,33.6,36.0,33.36,36.0,32338
2289,2014-04-02,35.52,36.0,34.2,35.16,14946
2290,2014-04-03,35.52,35.64,34.2,35.16,6392
2291,2014-04-04,36.6,37.2,33.36,34.44,38831
2292,2014-04-07,33.96,34.44,33.24,33.841,14870
2293,2014-04-08,33.84,34.32,33.48,33.96,6565
2294,2014-04-09,34.44,35.28,34.08,34.92,10000
2295,2014-04-10,35.28,35.28,33.36,33.96,15967
2296,2014-04-11,33.96,34.32,33.24,33.36,14263
2297,2014-04-14,33.6,35.52,33.48,34.08,7758
2298,2014-04-15,33.72,34.8,33.0,33.84,12210
2299,2014-04-16,33.96,34.68,33.24,33.84,5876
2300,2014-04-17,33.6,36.48,33.6,35.76,35051
2301,2014-04-21,35.76,36.48,34.92,35.28,11825
2302,2014-04-22,35.04,35.76,34.56,35.04,6834
2303,2014-04-23,34.92,35.759,33.962,35.28,5223
2304,2014-04-24,35.4,36.48,34.68,35.4,8299
2305,2014-04-25,35.04,35.519,33.6,33.6,8387
2306,2014-04-28,33.6,34.44,32.04,32.76,19801
2307,2014-04-29,32.76,33.0,31.2,31.68,21320
2308,2014-04-30,31.68,32.88,31.32,32.28,7856
2309,2014-05-01,32.28,32.52,31.56,31.92,6327
2310,2014-05-02,31.8,31.92,29.4,30.12,20364
2311,2014-05-05,30.12,30.48,27.96,29.52,28440
2312,2014-05-06,28.92,30.06,28.2,29.76,11939
2313,2014-05-07,29.64,30.6,28.32,30.48,18246
2314,2014-05-08,30.12,30.6,28.8,29.16,9565
2315,2014-05-09,29.64,29.76,28.32,29.16,8543
2316,2014-05-12,29.16,30.6,29.04,30.48,12522
2317,2014-05-13,30.6,31.567,30.12,30.24,14619
2318,2014-05-14,30.6,31.282,29.88,30.84,6651
2319,2014-05-15,30.96,30.96,29.401,30.36,9724
2320,2014-05-16,30.36,30.6,29.16,30.24,9941
2321,2014-05-19,30.0,31.8,30.0,31.08,14869
2322,2014-05-20,30.96,30.96,30.0,30.24,3755
2323,2014-05-21,30.6,30.6,29.4,29.88,4126
2324,2014-05-22,29.64,31.44,29.04,30.84,7574
2325,2014-05-23,30.96,31.44,30.0,30.6,7837
2326,2014-05-27,31.08,31.8,30.36,31.08,17021
2327,2014-05-28,31.56,32.76,30.72,31.8,19036
2328,2014-05-29,32.16,32.4,31.2,32.4,11029
2329,2014-05-30,32.52,32.88,31.68,32.04,6190
2330,2014-06-02,32.4,32.88,32.04,32.4,7902
2331,2014-06-03,32.4,32.52,30.24,30.36,10049
2332,2014-06-04,31.08,32.28,30.24,31.08,8762
2333,2014-06-05,31.08,31.08,30.6,30.6,2031
2334,2014-06-06,30.84,31.68,30.72,31.32,5431
2335,2014-06-09,31.8,33.0,31.32,32.76,7419
2336,2014-06-10,32.88,32.88,30.48,31.08,11317
2337,2014-06-11,31.08,31.68,31.08,31.68,4495
2338,2014-06-12,31.68,32.039,31.199,31.44,4431
2339,2014-06-13,31.8,32.76,31.572,32.64,7929
2340,2014-06-16,32.88,33.0,31.8,32.28,6317
2341,2014-06-17,32.16,32.76,31.8,32.52,2710
2342,2014-06-18,32.52,33.24,31.92,33.0,5587
2343,2014-06-19,32.52,33.0,32.04,32.28,6947
2344,2014-06-20,32.4,33.0,31.56,32.04,31076
2345,2014-06-23,32.16,32.64,32.16,32.4,2612
2346,2014-06-24,32.4,32.64,31.44,31.56,4704
2347,2014-06-25,31.2,31.8,30.72,31.32,6965
2348,2014-06-26,30.96,31.98,30.84,31.68,2991
2349,2014-06-27,31.68,32.04,30.96,31.68,7581
2350,2014-06-30,31.68,31.68,30.721,30.96,6654
2351,2014-07-01,31.2,33.0,30.72,31.32,148097
2352,2014-07-02,33.24,36.96,33.0,33.6,254150
2353,2014-07-03,32.52,33.6,31.92,32.76,29275
2354,2014-07-07,32.76,32.76,30.96,31.2,20307
2355,2014-07-08,31.2,32.484,30.6,31.32,16672
2356,2014-07-09,31.56,31.8,30.72,30.72,9677
2357,2014-07-10,30.48,30.84,29.4,29.76,23246
2358,2014-07-11,29.88,30.12,29.4,29.4,4907
2359,2014-07-14,30.0,30.24,29.4,29.52,11500
2360,2014-07-15,29.64,30.0,29.16,29.28,7603
2361,2014-07-16,29.4,30.72,29.161,30.12,7619
2362,2014-07-17,30.12,31.8,30.12,31.08,25573
2363,2014-07-18,31.56,31.8,30.12,30.24,7874
2364,2014-07-21,30.24,30.36,29.76,29.76,7104
2365,2014-07-22,29.76,31.56,29.76,30.972,10907
2366,2014-07-23,31.2,31.2,30.24,30.72,3223
2367,2014-07-24,29.64,30.48,29.52,29.88,7562
2368,2014-07-25,30.0,30.48,29.52,30.36,6915
2369,2014-07-28,30.96,31.2,29.76,30.84,7174
2370,2014-07-29,31.44,31.44,30.72,31.08,5169
2371,2014-07-30,31.2,31.44,30.84,31.2,4395
2372,2014-07-31,30.72,32.4,30.12,32.4,50195
2373,2014-08-01,31.92,32.28,30.6,30.72,22593
2374,2014-08-04,31.08,31.08,30.394,30.84,1647
2375,2014-08-05,30.48,30.96,30.48,30.96,1661
2376,2014-08-06,30.72,31.44,30.6,31.32,4573
2377,2014-08-07,31.08,31.8,30.84,31.8,6079
2378,2014-08-08,31.56,32.64,30.12,32.316,17911
2379,2014-08-11,32.4,33.0,31.441,32.76,5330
2380,2014-08-12,32.52,33.24,32.28,32.88,5099
2381,2014-08-13,32.64,33.0,32.041,32.64,5408
2382,2014-08-14,31.92,34.8,31.92,32.64,29593
2383,2014-08-15,32.64,32.96,31.8,32.58,12926
2384,2014-08-18,32.52,34.08,32.52,33.6,15720
2385,2014-08-19,33.6,34.56,33.198,34.2,9811
2386,2014-08-20,34.32,34.32,33.36,34.32,9226
2387,2014-08-21,34.08,34.44,33.36,34.26,6915
2388,2014-08-22,34.2,34.8,33.721,34.68,13687
2389,2014-08-25,34.8,34.8,34.08,34.62,7422
2390,2014-08-26,34.56,35.76,34.56,35.7,12143
2391,2014-08-27,35.88,35.88,34.08,35.46,11497
2392,2014-08-28,35.04,36.96,34.92,36.36,24503
2393,2014-08-29,36.12,37.061,36.04,36.84,9221
2394,2014-09-02,36.6,36.96,35.88,36.66,7652
2395,2014-09-03,36.36,37.8,36.24,36.84,5749
2396,2014-09-04,36.72,37.08,35.28,35.28,5255
2397,2014-09-05,35.04,35.16,33.48,34.02,11191
2398,2014-09-08,33.72,34.56,33.48,34.2,3778
2399,2014-09-09,34.2,35.52,33.84,35.4,6846
2400,2014-09-10,34.92,36.36,34.92,36.12,5903
2401,2014-09-11,35.76,36.48,35.76,36.24,5969
2402,2014-09-12,36.0,36.48,34.44,34.56,10432
2403,2014-09-15,34.56,34.92,31.56,32.16,13900
2404,2014-09-16,31.8,32.28,31.68,31.8,7444
2405,2014-09-17,32.16,32.64,31.8,32.64,5071
2406,2014-09-18,32.88,33.84,31.44,31.92,7925
2407,2014-09-19,32.28,32.64,31.56,32.64,10483
2408,2014-09-22,32.64,33.6,30.6,30.96,12478
2409,2014-09-23,30.96,30.96,30.12,30.72,7733
2410,2014-09-24,30.84,32.04,29.76,30.36,9648
2411,2014-09-25,30.24,30.6,29.88,30.0,5272
2412,2014-09-26,30.0,30.6,29.88,30.36,3938
2413,2014-09-29,30.12,31.32,29.88,30.12,4904
2414,2014-09-30,30.12,30.36,29.76,30.36,2407
2415,2014-10-01,30.24,30.24,28.8,29.16,9972
2416,2014-10-02,28.92,29.16,26.52,27.12,23442
2417,2014-10-03,27.84,27.972,26.52,26.52,11538
2418,2014-10-06,27.24,27.24,24.48,25.32,12866
2419,2014-10-07,24.6,25.32,23.4,23.82,16542
2420,2014-10-08,23.88,24.0,22.32,23.52,19054
2421,2014-10-09,23.64,23.7,21.12,22.08,9833
2422,2014-10-10,22.32,22.32,19.68,21.0,22276
2423,2014-10-13,21.0,21.36,18.78,18.84,16009
2424,2014-10-14,18.72,19.152,16.08,16.44,30155
2425,2014-10-15,16.92,17.28,14.64,16.92,27744
2426,2014-10-16,16.8,19.8,16.8,19.08,22845
2427,2014-10-17,20.4,21.48,19.92,19.92,22053
2428,2014-10-20,19.92,20.741,19.2,19.8,7455
2429,2014-10-21,20.04,21.24,19.68,20.639,6455
2430,2014-10-22,19.92,20.52,19.08,19.08,8227
2431,2014-10-23,18.96,20.412,18.96,20.4,5510
2432,2014-10-24,20.04,20.76,19.32,19.32,3291
2433,2014-10-27,19.08,19.56,18.36,18.84,5979
2434,2014-10-28,18.6,19.68,18.6,19.68,6437
2435,2014-10-29,19.68,20.52,18.6,18.96,4769
2436,2014-10-30,18.6,19.56,18.36,19.08,4041
2437,2014-10-31,19.2,19.2,18.6,18.84,3481
2438,2014-11-03,18.84,19.2,18.12,18.72,6256
2439,2014-11-04,18.48,18.72,16.56,16.68,12293
2440,2014-11-05,16.92,18.6,16.716,18.6,14275
2441,2014-11-06,20.28,20.4,18.6,18.84,17657
2442,2014-11-07,19.89,25.559,18.84,23.28,85069
2443,2014-11-10,26.16,32.04,25.2,30.72,204544
2444,2014-11-11,31.2,31.2,27.36,30.12,56055
2445,2014-11-12,30.24,30.24,28.801,29.88,24529
2446,2014-11-13,29.88,29.88,22.8,24.12,83479
2447,2014-11-14,24.6,28.2,23.52,27.36,48574
2448,2014-11-17,28.32,28.679,26.4,27.72,22008
2449,2014-11-18,27.72,28.32,25.92,26.76,15699
2450,2014-11-19,25.92,26.7,24.72,25.68,23031
2451,2014-11-20,26.4,27.12,25.32,26.4,14506
2452,2014-11-21,27.468,27.479,25.44,25.44,20770
2453,2014-11-24,25.32,26.52,25.2,25.2,8249
2454,2014-11-25,24.84,26.76,24.72,26.4,18307
2455,2014-11-26,26.04,28.44,25.44,25.44,26921
2456,2014-11-28,24.96,25.32,24.48,24.48,9683
2457,2014-12-01,24.12,25.44,22.32,24.12,28653
2458,2014-12-02,23.76,23.988,22.2,22.2,17635
2459,2014-12-03,21.84,23.76,21.84,23.04,18376
2460,2014-12-04,23.16,24.6,23.16,23.16,5187
2461,2014-12-05,22.8,24.12,22.8,23.52,11262
2462,2014-12-08,23.52,23.52,21.96,22.32,10771
2463,2014-12-09,21.72,23.64,21.12,22.68,6555
2464,2014-12-10,22.56,25.8,22.56,22.92,36447
2465,2014-12-11,22.56,24.48,22.56,22.68,8731
2466,2014-12-12,22.32,23.88,22.2,23.76,6721
2467,2014-12-15,23.76,24.228,21.84,23.4,10260
2468,2014-12-16,23.401,23.401,22.48,23.04,6061
2469,2014-12-17,24.0,24.0,22.2,22.92,11302
2470,2014-12-18,23.4,23.759,22.92,23.28,4833
2471,2014-12-19,23.52,24.0,22.92,24.0,12561
2472,2014-12-22,24.0,24.239,23.04,23.52,4844
2473,2014-12-23,22.92,23.881,22.92,23.04,11206
2474,2014-12-24,22.56,23.4,22.56,23.16,3019
2475,2014-12-26,23.4,23.76,22.801,23.4,4169
2476,2014-12-29,23.4,23.521,22.2,22.92,8509
2477,2014-12-30,22.8,23.52,22.8,22.92,5054
2478,2014-12-31,23.04,23.364,21.758,22.32,14062
2479,2015-01-02,22.32,23.04,22.081,23.04,4508
2480,2015-01-05,23.16,23.16,22.32,23.16,4196
2481,2015-01-06,23.04,23.04,22.32,22.32,7220
2482,2015-01-07,22.68,23.04,22.2,22.92,4733
2483,2015-01-08,23.04,23.76,22.584,22.92,10322
2484,2015-01-09,23.04,23.52,22.56,22.8,6000
2485,2015-01-12,22.68,23.28,22.56,23.04,5355
2486,2015-01-13,23.4,23.4,22.56,22.92,4960
2487,2015-01-14,22.8,23.005,22.2,22.2,14914
2488,2015-01-15,22.2,22.68,21.6,22.68,5763
2489,2015-01-16,22.08,22.8,22.08,22.68,4447
2490,2015-01-20,22.44,22.8,21.96,22.44,5085
2491,2015-01-21,22.68,22.68,22.32,22.32,3675
2492,2015-01-22,22.68,22.8,22.2,22.56,3569
2493,2015-01-23,22.56,23.28,20.76,21.36,17664
2494,2015-01-26,20.76,22.32,20.76,22.32,7501
2495,2015-01-27,22.2,22.32,21.48,22.08,8805
2496,2015-01-28,21.84,22.08,21.12,21.36,2369
2497,2015-01-29,21.12,21.48,20.592,21.48,3759
2498,2015-01-30,21.12,21.42,20.64,21.42,4432
2499,2015-02-02,21.36,22.2,21.0,21.0,14429
2500,2015-02-03,21.0,21.48,20.52,21.0,13569
2501,2015-02-04,20.64,21.12,20.64,20.64,3098
2502,2015-02-05,20.76,21.24,20.76,20.88,8840
2503,2015-02-06,21.12,22.2,20.76,21.3,17027
2504,2015-02-09,21.24,21.6,20.76,21.36,2018
2505,2015-02-10,21.48,21.48,20.76,21.24,3556
2506,2015-02-11,20.64,21.067,20.64,20.64,4147
2507,2015-02-12,20.64,21.24,20.64,20.88,3030
2508,2015-02-13,20.88,21.48,20.64,21.0,7451
2509,2015-02-17,20.88,22.44,20.88,22.2,17386
2510,2015-02-18,22.44,23.16,21.6,23.04,15175
2511,2015-02-19,23.16,23.16,22.08,22.32,7428
2512,2015-02-20,22.68,22.733,21.96,22.44,2869
2513,2015-02-23,23.16,23.16,21.96,21.96,4656
2514,2015-02-24,22.32,22.8,21.96,22.08,6326
2515,2015-02-25,21.84,22.44,21.84,22.2,3005
2516,2015-02-26,21.6,22.44,21.36,21.48,7223
2517,2015-02-27,21.48,22.08,21.48,21.758,2149
2518,2015-03-02,21.72,22.08,21.48,22.08,3492
2519,2015-03-03,20.52,20.52,18.12,19.32,37658
2520,2015-03-04,19.08,19.08,18.72,18.84,8408
2521,2015-03-05,19.2,19.44,18.72,19.32,12200
2522,2015-03-06,19.32,20.28,18.6,18.6,22625
2523,2015-03-09,19.2,19.44,17.28,17.64,20692
2524,2015-03-10,17.4,18.36,16.8,17.04,16158
2525,2015-03-11,16.8,18.0,16.8,17.04,9400
2526,2015-03-12,17.88,18.0,16.8,16.92,6267
2527,2015-03-13,17.04,17.76,16.8,17.16,8292
2528,2015-03-16,17.16,17.52,16.8,16.92,6117
2529,2015-03-17,16.8,17.4,15.6,15.6,18200
2530,2015-03-18,16.56,16.56,15.72,15.72,10200
2531,2015-03-19,16.08,16.68,15.96,16.32,9875
2532,2015-03-20,16.32,17.04,16.32,17.04,5308
2533,2015-03-23,16.2,17.52,16.2,17.16,6067
2534,2015-03-24,17.52,17.52,16.2,16.56,3808
2535,2015-03-25,17.04,17.76,16.56,16.92,7683
2536,2015-03-26,16.92,17.4,16.08,16.2,7883
2537,2015-03-27,16.44,16.92,15.96,16.2,8342
2538,2015-03-30,16.2,16.2,15.6,15.84,7667
2539,2015-03-31,15.84,16.08,15.6,15.96,7171
2540,2015-04-01,16.08,16.32,15.72,15.96,3825
2541,2015-04-02,16.08,16.2,15.36,15.6,10983
2542,2015-04-06,15.84,15.84,14.64,14.88,15458
2543,2015-04-07,14.88,15.6,14.88,15.36,2937
2544,2015-04-08,15.48,15.6,15.0,15.0,7142
2545,2015-04-09,15.0,15.48,15.0,15.24,4801
2546,2015-04-10,15.6,15.6,15.0,15.0,2500
2547,2015-04-13,15.12,15.24,15.0,15.12,7142
2548,2015-04-14,15.0,15.12,14.28,14.4,18758
2549,2015-04-15,14.28,15.12,14.28,15.0,12673
2550,2015-04-16,15.0,15.0,14.4,14.64,6450
2551,2015-04-17,15.12,16.2,14.64,15.48,22833
2552,2015-04-20,16.8,17.28,15.84,16.68,46268
2553,2015-04-21,17.28,17.28,15.6,15.859,30797
2554,2015-04-22,16.08,18.36,15.84,17.52,138657
2555,2015-04-23,17.76,19.2,16.92,17.52,143383
2556,2015-04-24,17.64,18.72,16.92,16.92,80111
2557,2015-04-27,17.88,17.88,16.8,16.92,50108
2558,2015-04-28,16.92,18.36,16.8,17.64,75075
2559,2015-04-29,17.88,18.0,16.8,16.8,47392
2560,2015-04-30,16.92,17.04,15.36,15.72,55308
2561,2015-05-01,15.72,15.96,14.76,14.76,32667
2562,2015-05-04,15.12,15.48,14.64,15.48,30400
2563,2015-05-05,16.2,16.2,14.64,14.88,43583
2564,2015-05-06,15.12,15.12,14.64,15.0,18681
2565,2015-05-07,15.0,15.48,14.64,14.64,18130
2566,2015-05-08,14.76,14.76,14.4,14.52,30808
2567,2015-05-11,14.52,14.64,13.92,14.28,54017
2568,2015-05-12,14.16,14.64,14.04,14.52,12970
2569,2015-05-13,14.88,15.6,14.28,15.6,27383
2570,2015-05-14,15.96,16.44,15.6,16.2,27442
2571,2015-05-15,16.32,16.334,15.24,15.96,11349
2572,2015-05-18,16.2,16.2,15.12,15.36,12314
2573,2015-05-19,15.36,15.6,14.64,14.64,14081
2574,2015-05-20,14.76,14.76,14.4,14.64,17850
2575,2015-05-21,14.64,15.12,14.16,14.76,18567
2576,2015-05-22,14.76,14.88,14.16,14.88,10333
2577,2015-05-26,14.64,14.64,14.16,14.64,9845
2578,2015-05-27,14.52,14.64,14.28,14.4,5808
2579,2015-05-28,14.28,14.52,14.16,14.4,9452
2580,2015-05-29,14.28,14.64,14.16,14.64,10200
2581,2015-06-01,14.4,14.64,14.16,14.28,10385
2582,2015-06-02,14.52,14.76,14.16,14.64,10758
2583,2015-06-03,15.84,16.56,14.16,14.64,41983
2584,2015-06-04,14.4,15.36,14.4,14.76,7975
2585,2015-06-05,14.4,15.36,14.4,15.12,13900
2586,2015-06-08,15.12,15.36,14.76,15.24,11800
2587,2015-06-09,15.24,15.36,14.64,15.12,8056
2588,2015-06-10,15.24,15.36,14.52,15.24,9091
2589,2015-06-11,15.24,15.24,14.52,14.88,13311
2590,2015-06-12,14.64,15.24,14.28,14.28,20500
2591,2015-06-15,14.28,14.52,14.16,14.16,14967
2592,2015-06-16,14.16,14.64,14.04,14.28,14642
2593,2015-06-17,14.16,14.28,14.04,14.04,10233
2594,2015-06-18,14.04,14.28,13.92,13.92,25300
2595,2015-06-19,14.04,14.04,13.44,13.44,37767
2596,2015-06-22,13.44,13.68,12.96,13.2,15300
2597,2015-06-23,13.2,13.8,13.2,13.74,5332
2598,2015-06-24,13.8,14.04,13.08,13.56,10525
2599,2015-06-25,13.56,14.16,13.08,13.08,5208
2600,2015-06-26,12.72,12.84,12.12,12.24,23583
2601,2015-06-29,12.12,12.24,11.04,11.76,14358
2602,2015-06-30,11.76,11.88,11.28,11.29,8448
2603,2015-07-01,11.28,12.12,11.16,11.16,3217
2604,2015-07-02,10.92,11.64,10.8,11.4,7800
2605,2015-07-06,11.52,11.88,11.4,11.52,3725
2606,2015-07-07,11.76,11.76,10.8,11.64,7200
2607,2015-07-08,11.52,11.52,10.8,11.04,11375
2608,2015-07-09,10.8,11.52,10.2,10.44,12208
2609,2015-07-10,10.56,10.68,9.6,10.68,11517
2610,2015-07-13,10.32,11.88,10.32,11.76,9467
2611,2015-07-14,11.28,12.0,11.161,12.0,3226
2612,2015-07-15,12.0,12.0,11.16,11.4,6640
2613,2015-07-16,11.28,11.76,10.92,11.52,3158
2614,2015-07-17,11.76,11.76,10.92,11.28,1075
2615,2015-07-20,11.4,11.4,10.08,10.32,8617
2616,2015-07-21,10.32,10.92,10.2,10.56,10267
2617,2015-07-22,10.32,11.04,10.2,10.44,4158
2618,2015-07-23,10.44,10.8,10.2,10.8,1917
2619,2015-07-24,10.8,11.04,10.2,10.32,2808
2620,2015-07-27,10.2,10.68,10.08,10.08,5408
2621,2015-07-28,10.08,11.04,9.96,9.96,1917
2622,2015-07-29,10.2,10.68,10.08,10.32,4675
2623,2015-07-30,10.2,10.32,10.08,10.08,7783
2624,2015-07-31,10.08,11.04,10.08,10.56,4275
2625,2015-08-03,11.16,11.16,10.44,10.44,3606
2626,2015-08-04,10.44,10.92,10.2,10.2,2067
2627,2015-08-05,10.32,10.8,10.08,10.08,6417
2628,2015-08-06,10.272,10.8,10.26,10.32,1289
2629,2015-08-07,10.2,10.8,10.2,10.44,2808
2630,2015-08-10,10.68,11.64,10.68,11.04,15075
2631,2015-08-11,11.28,12.0,10.801,10.92,7436
2632,2015-08-12,11.4,11.76,10.92,11.52,4108
2633,2015-08-13,11.76,11.76,11.04,11.28,3342
2634,2015-08-14,11.4,11.4,10.92,10.92,4233
2635,2015-08-17,11.04,11.52,11.04,11.4,4633
2636,2015-08-18,11.76,11.88,11.04,11.04,3617
2637,2015-08-19,11.04,11.16,10.2,10.2,9958
2638,2015-08-20,10.32,10.68,9.6,9.6,13792
2639,2015-08-21,9.6,10.08,9.0,9.6,12367
2640,2015-08-24,8.91,9.1188,7.2,8.4,19387
2641,2015-08-25,8.16,8.76,8.16,8.4,9700
2642,2015-08-26,8.4,8.64,8.28,8.4,4233
2643,2015-08-27,8.4,9.48,8.4,9.36,6317
2644,2015-08-28,9.24,10.08,9.24,9.6,5975
2645,2015-08-31,9.84,10.32,9.84,10.32,5958
2646,2015-09-01,9.96,9.96,9.6,9.96,3008
2647,2015-09-02,9.96,10.56,9.6,10.08,1958
2648,2015-09-03,10.2,10.44,9.96,10.2,2625
2649,2015-09-04,10.08,10.2,9.84,10.2,1508
2650,2015-09-08,10.2,10.2,9.84,10.08,1808
2651,2015-09-09,10.08,10.2,8.76,9.6,6350
2652,2015-09-10,9.6,9.6,9.0024,9.12,1951
2653,2015-09-11,9.0,9.12,8.76,8.76,1542
2654,2015-09-14,8.88,9.6,8.88,9.6,4208
2655,2015-09-15,9.6,9.6,8.88,8.88,2550
2656,2015-09-16,8.88,9.36,8.88,9.24,1592
2657,2015-09-17,9.36,9.36,8.64,8.88,2876
2658,2015-09-18,8.64,16.08,8.64,16.08,49092
2659,2015-09-21,10.44,10.44,9.36,9.84,13000
2660,2015-09-22,9.6,9.72,9.36,9.6,6350
2661,2015-09-23,9.36,9.84,9.36,9.48,3060
2662,2015-09-24,9.54,10.176,9.36,9.72,2587
2663,2015-09-25,9.36,10.2,9.12,9.12,6642
2664,2015-09-28,9.276,10.07,9.276,9.56,1642
2665,2015-09-29,9.6,10.2,9.0,9.0,14325
2666,2015-09-30,9.72,9.72,9.0,9.6,2958
2667,2015-10-01,9.6,9.72,9.0,9.6,1150
2668,2015-10-02,9.6,9.72,9.0,9.36,4192
2669,2015-10-05,9.4776,9.938,9.4776,9.84,2382
2670,2015-10-06,9.72,9.72,9.24,9.6,6533
2671,2015-10-07,9.48,9.96,9.12,9.48,3583
2672,2015-10-08,9.6,10.2,9.6,9.6,5750
2673,2015-10-09,9.6,10.2,9.6,9.72,5925
2674,2015-10-12,9.842,10.08,9.366,9.72,1144
2675,2015-10-13,9.6,9.72,9.6,9.6,1708
2676,2015-10-14,9.6,9.6,9.36,9.36,3442
2677,2015-10-15,9.36,9.6,9.12,9.36,6708
2678,2015-10-16,9.36,9.6,9.12,9.6,6225
2679,2015-10-19,9.594,9.72,9.168,9.4668,1918
2680,2015-10-20,9.384,9.6,9.36,9.36,2035
2681,2015-10-21,9.24,9.6,9.24,9.48,1700
2682,2015-10-22,9.48,9.6,9.24,9.6,2242
2683,2015-10-23,9.48,9.6,9.12,9.24,5375
2684,2015-10-26,9.48,9.6,9.12,9.48,3400
2685,2015-10-27,9.72,9.72,9.36,9.36,1950
2686,2015-10-28,9.36,9.84,9.36,9.36,2583
2687,2015-10-29,9.6,10.08,9.48,9.48,3050
2688,2015-10-30,9.72,9.72,8.88,8.88,3858
2689,2015-11-02,9.0,9.72,9.0,9.48,7676
2690,2015-11-03,9.24,10.08,9.12,9.24,4467
2691,2015-11-04,9.36,9.838,9.24,9.48,3118
2692,2015-11-05,9.6,9.72,9.12,9.12,4808
2693,2015-11-06,9.12,9.84,9.12,9.12,3842
2694,2015-11-09,9.372,9.84,9.264,9.264,3893
2695,2015-11-10,9.0,9.84,9.0,9.48,8117
2696,2015-11-11,9.24,9.72,9.0,9.48,5592
2697,2015-11-12,9.0,9.12,8.64,8.64,6192
2698,2015-11-13,8.88,9.24,8.52,8.64,6642
2699,2015-11-16,9.24,9.24,8.52,8.88,3142
2700,2015-11-17,8.64,8.88,8.52,8.88,5142
2701,2015-11-18,8.4,8.4,7.8,7.92,11308
2702,2015-11-19,8.4,8.4,8.04,8.28,3950
2703,2015-11-20,7.8,7.92,7.2,7.2,17408
2704,2015-11-23,7.2,7.8,6.96,7.08,6708
2705,2015-11-24,6.96,7.32,6.96,7.32,2733
2706,2015-11-25,7.2,7.44,7.08,7.2,12758
2707,2015-11-27,7.08,7.2,6.6,6.6,8592
2708,2015-11-30,7.08,7.2,6.72,6.84,4092
2709,2015-12-01,6.96,7.41,6.24,7.176,5391
2710,2015-12-02,7.2,7.56,6.384,6.81,13219
2711,2015-12-03,6.66,7.1988,6.54,7.1964,5995
2712,2015-12-04,6.84,7.2,6.6,6.84,6192
2713,2015-12-07,7.08,7.32,6.96,7.32,6050
2714,2015-12-08,7.2,7.3188,6.72,7.296,4256
2715,2015-12-09,7.08,7.08,6.72,6.84,5958
2716,2015-12-10,6.72,6.84,6.24,6.48,9342
2717,2015-12-11,6.24,6.6,6.24,6.24,6758
2718,2015-12-14,6.348,6.96,6.348,6.6,7588
2719,2015-12-15,6.6,6.84,6.36,6.48,4033
2720,2015-12-16,6.48,6.48,6.12,6.24,12867
2721,2015-12-17,6.48,6.96,6.12,6.24,8792
2722,2015-12-18,6.24,6.24,4.8,4.8,77608
2723,2015-12-21,4.92,5.16,4.32,4.8,149542
2724,2015-12-22,4.68,4.7952,4.2,4.62,31068
2725,2015-12-23,4.92,5.04,4.2,4.8,82775
2726,2015-12-24,4.8,5.0388,4.536,4.6908,28077
2727,2015-12-28,4.9188,5.16,4.8,4.8,95327
2728,2015-12-29,4.8132,5.4,4.8132,5.286,37625
2729,2015-12-30,5.8812,7.188,5.286,6.78,66690
2730,2015-12-31,6.852,8.88,6.24,6.48,64867
2731,2016-01-04,6.36,7.08,6.0,6.372,28251
2732,2016-01-05,6.96,6.96,5.9844,6.6708,66580
2733,2016-01-06,6.84,7.8,6.72,6.8472,153494
2734,2016-01-07,6.84,7.1892,5.52,5.94,51947
2735,2016-01-08,6.108,6.4812,5.8812,6.0276,27123
2736,2016-01-11,6.12,6.48,5.64,5.76,20937
2737,2016-01-12,5.988,6.0,5.532,5.64,11428
2738,2016-01-13,5.748,5.748,4.92,4.98,23707
2739,2016-01-14,5.0388,5.04,4.8,4.914,16031
2740,2016-01-15,4.7604,4.896,4.56,4.5996,12528
2741,2016-01-19,4.44,5.04,4.44,4.44,37250
2742,2016-01-20,4.446,4.7892,4.38,4.3932,32440
2743,2016-01-21,4.38,5.0988,4.3344,4.4412,10021
2744,2016-01-22,4.68,4.9152,4.4436,4.5936,14351
2745,2016-01-25,4.56,4.596,4.32,4.32,17941
2746,2016-01-26,4.3908,4.44,4.08,4.2,29591
2747,2016-01-27,4.08,4.56,4.08,4.236,24467
2748,2016-01-28,4.2024,4.4364,4.2,4.2,19258
2749,2016-01-29,4.218,4.68,4.218,4.68,29875
2750,2016-02-01,4.782,4.8,4.2084,4.3224,38426
2751,2016-02-02,4.368,4.5588,4.2096,4.26,22447
2752,2016-02-03,4.266,4.4424,4.2096,4.38,31933
2753,2016-02-04,4.224,4.6164,4.1388,4.4388,55976
2754,2016-02-05,4.2096,4.416,3.96,4.0116,65650
2755,2016-02-08,3.96,4.02,3.24,3.3612,42109
2756,2016-02-09,3.276,3.5376,2.58,2.5812,69944
2757,2016-02-10,2.5992,2.976,2.4048,2.9412,44878
2758,2016-02-11,3.0,3.12,2.5212,2.88,34147
2759,2016-02-12,3.12,3.1212,2.88,3.0012,20419
2760,2016-02-16,3.0,3.594,2.88,3.18,70181
2761,2016-02-17,3.3,3.36,2.964,3.0,34352
2762,2016-02-18,3.0,3.3,2.9856,3.24,15005
2763,2016-02-19,3.132,3.24,2.76,2.76,22228
2764,2016-02-22,2.7,2.988,2.4996,2.8752,16835
2765,2016-02-23,2.8824,3.0,2.52,2.76,20571
2766,2016-02-24,2.82,2.82,2.5596,2.6856,7878
2767,2016-02-25,2.94,2.94,2.568,2.7,15994
2768,2016-02-26,2.76,2.8188,2.5596,2.808,17755
2769,2016-02-29,2.82,2.8956,2.6436,2.76,10626
2770,2016-03-01,2.712,2.88,2.64,2.7012,6928
2771,2016-03-02,2.688,2.868,2.6856,2.82,12072
2772,2016-03-03,2.82,2.82,2.64,2.64,23211
2773,2016-03-04,2.7564,2.7612,2.64,2.64,40618
2774,2016-03-07,2.76,3.12,2.76,3.0012,106816
2775,2016-03-08,2.7,2.92,2.1,2.84,189094
2776,2016-03-09,2.85,3.93,2.85,3.52,614596
2777,2016-03-10,3.53,3.64,3.05,3.17,155451
2778,2016-03-11,3.2,3.25,2.71,3.07,67393
2779,2016-03-14,3.06,3.1047,2.8,2.84,31027
2780,2016-03-15,2.83,2.979,2.5793,2.62,153795
2781,2016-03-16,2.67,2.78,2.314,2.42,111274
2782,2016-03-17,2.43,3.1,2.43,3.1,208779
2783,2016-03-18,3.2,3.2,2.56,3.04,287841
2784,2016-03-21,2.93,3.1,2.92,3.01,27310
2785,2016-03-22,2.93,3.03,2.66,2.77,65458
2786,2016-03-23,2.79,2.96,2.67,2.69,67840
2787,2016-03-24,2.65,2.67,2.45,2.46,91475
2788,2016-03-28,2.52,2.52,2.43,2.49,48945
2789,2016-03-29,2.54,2.54,2.42,2.48,72608
2790,2016-03-30,2.5,2.76,2.46,2.5725,215502
2791,2016-03-31,2.61,2.85,2.56,2.56,134906
2792,2016-04-01,2.61,2.6101,2.34,2.4599,106040
2793,2016-04-04,2.5,2.65,2.4,2.4897,67230
2794,2016-04-05,2.42,2.49,2.36,2.47,52931
2795,2016-04-06,2.4,2.4,2.21,2.29,104686
2796,2016-04-07,2.35,2.38,2.3011,2.36,17613
2797,2016-04-08,2.36,2.78,2.22,2.24,348935
2798,2016-04-11,2.25,2.25,2.0,2.06,271130
2799,2016-04-12,2.11,2.11,1.817,2.06,193694
2800,2016-04-13,2.2,2.29,2.08,2.13,101100
2801,2016-04-14,2.15,2.15,2.07,2.09,50434
2802,2016-04-15,2.15,2.15,2.09,2.12,21444
2803,2016-04-18,2.11,2.15,2.0501,2.07,48188
2804,2016-04-19,2.08,2.12,2.04,2.0599,62870
2805,2016-04-20,2.06,2.08,2.02,2.04,69721
2806,2016-04-21,2.1,2.1,2.04,2.06,33406
2807,2016-04-22,2.04,2.2,2.04,2.08,97444
2808,2016-04-25,2.08,2.17,2.0,2.03,64175
2809,2016-04-26,2.02,2.1,2.0,2.0699,69579
2810,2016-04-27,2.06,2.0619,1.9201,2.02,58915
2811,2016-04-28,2.02,2.09,2.01,2.0299,34010
2812,2016-04-29,2.07,2.07,1.99,1.99,40427
2813,2016-05-02,2.0,2.03,1.88,1.9,80625
2814,2016-05-03,1.91,1.91,1.76,1.77,114039
2815,2016-05-04,1.71,1.7899,1.59,1.5986,120699
2816,2016-05-05,1.62,1.67,1.5503,1.61,51050
2817,2016-05-06,1.59,1.79,1.56,1.63,73410
2818,2016-05-09,1.67,1.67,1.4601,1.51,84159
2819,2016-05-10,1.58,1.66,1.52,1.6299,56199
2820,2016-05-11,1.64,1.66,1.5866,1.66,14041
2821,2016-05-12,1.7,1.7,1.61,1.62,34057
2822,2016-05-13,1.6,1.63,1.55,1.6,24825
2823,2016-05-16,1.62,1.6799,1.52,1.62,24382
2824,2016-05-17,1.64,1.68,1.57,1.58,18408
2825,2016-05-18,1.62,1.68,1.57,1.5901,16585
2826,2016-05-19,1.58,1.64,1.52,1.56,24675
2827,2016-05-20,1.56,1.58,1.51,1.53,47268
2828,2016-05-23,1.53,1.63,1.52,1.58,42163
2829,2016-05-24,1.57,1.57,1.47,1.48,81060
2830,2016-05-25,1.49,1.542,1.4721,1.515,21141
2831,2016-05-26,1.5,1.54,1.4899,1.5,13087
2832,2016-05-27,1.5,1.5,1.39,1.49,55560
2833,2016-05-31,1.45,1.4753,1.44,1.45,25826
2834,2016-06-01,1.47,1.49,1.41,1.48,61255
2835,2016-06-02,1.45,2.13,1.45,1.78,365790
2836,2016-06-03,2.0,2.0,1.55,1.68,413722
2837,2016-06-06,1.77,2.5,1.6561,2.49,1427728
2838,2016-06-07,2.45,3.75,2.01,2.18,3336890
2839,2016-06-08,2.38,2.38,2.06,2.23,588603
2840,2016-06-09,2.25,2.84,2.1601,2.38,1496434
2841,2016-06-10,2.38,2.4799,2.15,2.16,443556
2842,2016-06-13,2.15,2.16,1.825,1.9,517915
2843,2016-06-14,1.95,2.0,1.8,1.8107,177793
2844,2016-06-15,1.78,1.99,1.7601,1.88,152607
2845,2016-06-16,1.9,1.96,1.78,1.81,164926
2846,2016-06-17,1.87,1.89,1.76,1.78,194353
2847,2016-06-20,1.79,1.94,1.7801,1.86,136636
2848,2016-06-21,1.84,1.9272,1.78,1.8,154601
2849,2016-06-22,1.8,1.8,1.71,1.71,103576
2850,2016-06-23,1.74,1.8,1.69,1.74,116751
2851,2016-06-24,1.65,1.6856,1.6,1.6,212791
2852,2016-06-27,1.59,1.6,1.45,1.46,152619
2853,2016-06-28,1.5,1.59,1.5,1.56,134326
2854,2016-06-29,1.56,1.78,1.5328,1.5601,278892
2855,2016-06-30,1.57,1.6199,1.5401,1.6,88063
2856,2016-07-01,1.61,1.73,1.61,1.7,169960
2857,2016-07-05,1.7,1.81,1.6,1.6211,196706
2858,2016-07-06,1.6,1.67,1.58,1.6321,137508
2859,2016-07-07,1.67,1.72,1.59,1.63,104018
2860,2016-07-08,1.66,1.69,1.62,1.67,46192
2861,2016-07-11,1.59,1.67,1.59,1.63,164447
2862,2016-07-12,1.63,1.72,1.58,1.7,183248
2863,2016-07-13,1.68,1.7496,1.61,1.64,137544
2864,2016-07-14,1.66,1.67,1.5901,1.66,119218
2865,2016-07-15,1.7,1.7,1.62,1.67,47591
2866,2016-07-18,1.64,1.67,1.5,1.58,256249
2867,2016-07-19,1.58,1.62,1.5,1.56,287501
2868,2016-07-20,1.54,1.57,1.5154,1.54,84499
2869,2016-07-21,1.51,1.607,1.51,1.54,58323
2870,2016-07-22,1.58,1.58,1.49,1.5499,105126
2871,2016-07-25,1.58,1.58,1.47,1.4799,95391
2872,2016-07-26,1.49,1.55,1.46,1.47,192509
2873,2016-07-27,1.46,1.47,1.39,1.39,301019
2874,2016-07-28,1.39,1.5102,1.39,1.41,381514
2875,2016-07-29,1.49,1.55,1.39,1.43,256312
2876,2016-08-01,1.42,1.53,1.3899,1.42,436312
2877,2016-08-02,1.43,1.46,1.29,1.32,344069
2878,2016-08-03,1.3,1.37,1.3,1.32,187667
2879,2016-08-04,1.32,1.36,1.26,1.34,204815
2880,2016-08-05,1.35,1.37,1.3,1.319,77080
2881,2016-08-08,1.32,1.36,1.27,1.3201,309573
2882,2016-08-09,1.34,1.34,1.29,1.31,114888
2883,2016-08-10,1.33,1.33,1.26,1.27,208189
2884,2016-08-11,1.27,1.7,1.26,1.69,2964954
2885,2016-08-12,1.85,1.85,1.5,1.535,3417707
2886,2016-08-15,1.55,1.56,1.38,1.41,541290
2887,2016-08-16,1.41,1.49,1.33,1.38,425374
2888,2016-08-17,1.36,1.4199,1.32,1.35,350887
2889,2016-08-18,1.34,1.47,1.33,1.385,533655
2890,2016-08-19,1.39,1.47,1.36,1.4345,279679
2891,2016-08-22,1.43,1.47,1.33,1.34,335680
2892,2016-08-23,1.34,1.38,1.3,1.32,134615
2893,2016-08-24,2.04,2.13,1.53,1.55,16649883
2894,2016-08-25,1.56,1.69,1.52,1.59,1765749
2895,2016-08-26,1.57,1.62,1.42,1.46,1394585
2896,2016-08-29,1.46,1.52,1.42,1.44,934665
2897,2016-08-30,1.44,1.68,1.43,1.61,1767244
2898,2016-08-31,1.65,1.65,1.51,1.54,653249
2899,2016-09-01,1.5,1.62,1.45,1.57,915294
2900,2016-09-02,1.59,1.63,1.55,1.63,473241
2901,2016-09-06,1.66,1.87,1.63,1.83,2665594
2902,2016-09-07,1.86,1.87,1.61,1.7,1184955
2903,2016-09-08,1.67,1.7099,1.64,1.68,355131
2904,2016-09-09,1.66,1.71,1.54,1.559,665963
2905,2016-09-12,1.53,1.5961,1.47,1.53,594171
2906,2016-09-13,1.5,1.51,1.4,1.44,643978
2907,2016-09-14,1.41,1.45,1.4,1.4101,293946
2908,2016-09-15,1.39,1.46,1.39,1.444,173070
2909,2016-09-16,1.42,1.45,1.41,1.45,235258
2910,2016-09-19,1.44,1.49,1.43,1.456,189309
2911,2016-09-20,1.45,1.46,1.4,1.41,139263
2912,2016-09-21,1.42,1.4899,1.42,1.46,256340
2913,2016-09-22,1.56,1.57,1.48,1.49,438321
2914,2016-09-23,1.45,1.51,1.39,1.43,318441
2915,2016-09-26,1.4,1.43,1.39,1.4,228070
2916,2016-09-27,1.4,1.43,1.3,1.32,718631
2917,2016-09-28,1.38,1.38,1.26,1.33,583670
2918,2016-09-29,1.36,1.36,1.3,1.31,263773
2919,2016-09-30,1.33,1.33,1.25,1.28,586306
2920,2016-10-03,1.28,1.36,1.25,1.34,438193
2921,2016-10-04,1.34,1.4,1.33,1.35,482331
2922,2016-10-05,1.37,1.445,1.35,1.38,460705
2923,2016-10-06,1.39,1.4199,1.322,1.33,279032
2924,2016-10-07,1.35,1.36,1.29,1.32,254242
2925,2016-10-10,1.33,1.386,1.3,1.38,251261
2926,2016-10-11,1.37,1.41,1.3,1.34,759593
2927,2016-10-12,1.34,1.35,1.27,1.3,445828
2928,2016-10-13,1.29,1.3,1.27,1.28,285047
2929,2016-10-14,1.3,1.32,1.27,1.28,180962
2930,2016-10-17,1.29,1.32,1.2681,1.31,288242
2931,2016-10-18,1.32,1.35,1.2789,1.29,338366
2932,2016-10-19,1.28,1.35,1.28,1.32,680454
2933,2016-10-20,1.32,1.39,1.32,1.35,558154
2934,2016-10-21,1.35,1.39,1.31,1.33,474244
2935,2016-10-24,1.33,1.37,1.3,1.34,236840
2936,2016-10-25,1.33,1.345,1.27,1.28,382112
2937,2016-10-26,1.3,1.32,1.26,1.28,262462
2938,2016-10-27,1.28,1.3,1.26,1.29,368564
2939,2016-10-28,1.31,1.31,1.26,1.26,461047
2940,2016-10-31,1.27,1.29,1.25,1.27,364336
2941,2016-11-01,1.27,1.275,1.23,1.24,435598
2942,2016-11-02,1.23,1.27,1.12,1.18,587421
2943,2016-11-03,1.18,1.1884,1.12,1.12,361598
2944,2016-11-04,1.12,1.2,1.12,1.17,677940
2945,2016-11-07,1.17,1.1982,1.12,1.16,181674
2946,2016-11-08,1.14,1.1699,1.12,1.14,209219
2947,2016-11-09,1.14,1.19,1.13,1.19,241378
2948,2016-11-10,1.12,1.19,0.97,1.09,1071991
2949,2016-11-11,0.9801,1.11,0.98,1.0404,359353
2950,2016-11-14,1.09,1.13,1.02,1.06,351149
2951,2016-11-15,1.07,1.15,1.06,1.15,413852
2952,2016-11-16,1.17,1.22,1.11,1.19,526143
2953,2016-11-17,1.24,1.61,1.2,1.57,4069404
2954,2016-11-18,1.69,1.72,1.33,1.49,3849184
2955,2016-11-21,1.5,1.5,1.34,1.39,806728
2956,2016-11-22,1.37,1.4,1.27,1.33,711455
2957,2016-11-23,1.34,1.45,1.276,1.4,536605
2958,2016-11-25,1.36,1.49,1.36,1.45,346345
2959,2016-11-28,1.49,1.49,1.3627,1.41,477939
2960,2016-11-29,1.45,1.67,1.38,1.67,1989045
2961,2016-11-30,1.68,1.75,1.46,1.58,1445886
2962,2016-12-01,1.5,1.56,1.39,1.44,710206
2963,2016-12-02,1.42,1.42,1.29,1.35,589369
2964,2016-12-05,1.4,1.4,1.29,1.38,502679
2965,2016-12-06,1.35,1.48,1.34,1.4,649066
2966,2016-12-07,1.4,1.64,1.4,1.51,2642343
2967,2016-12-08,1.51,1.59,1.38,1.4,1428006
2968,2016-12-09,1.41,1.48,1.38,1.44,1023266
2969,2016-12-12,1.42,1.4372,1.31,1.34,1208902
2970,2016-12-13,1.35,1.41,1.29,1.34,831886
2971,2016-12-14,1.35,1.35,1.23,1.25,779355
2972,2016-12-15,1.28,1.3,1.2,1.21,972564
2973,2016-12-16,1.22,1.22,1.17,1.18,694626
2974,2016-12-19,1.18,1.21,1.12,1.14,953396
2975,2016-12-20,1.14,1.15,1.12,1.13,332640
2976,2016-12-21,1.14,1.14,1.08,1.09,554857
2977,2016-12-22,1.09,1.53,1.05,1.43,7082836
2978,2016-12-23,1.53,1.64,1.35,1.41,7872836
2979,2016-12-27,1.45,1.46,1.35,1.43,1427895
2980,2016-12-28,1.43,1.43,1.28,1.34,1373066
2981,2016-12-29,1.33,1.33,1.27,1.29,601649
2982,2016-12-30,1.3,1.41,1.27,1.37,1147349
2983,2017-01-03,1.41,1.54,1.35,1.51,1682931
2984,2017-01-04,1.51,1.75,1.42,1.74,4440604
2985,2017-01-05,1.72,1.96,1.62,1.7,6468565
2986,2017-01-06,1.74,1.88,1.64,1.64,2489040
2987,2017-01-09,1.65,1.85,1.62,1.75,1571847
2988,2017-01-10,1.82,2.37,1.79,2.25,7938551
2989,2017-01-11,2.37,3.94,2.35,3.19,25393026
2990,2017-01-12,3.41,4.0,3.06,3.13,12117708
2991,2017-01-13,2.4,2.75,2.08,2.52,8466133
2992,2017-01-17,2.45,2.49,2.15,2.33,2883376
2993,2017-01-18,2.24,2.31,2.0201,2.1,2356423
2994,2017-01-19,2.1,2.7,2.1,2.68,6040356
2995,2017-01-20,2.49,2.59,2.2,2.34,8564785
2996,2017-01-23,2.3,2.44,2.21,2.39,3062451
2997,2017-01-24,2.4,2.6,2.32,2.49,5883631
2998,2017-01-25,2.57,2.62,2.3,2.34,3446329
2999,2017-01-26,2.42,2.42,2.3,2.38,1503462
3000,2017-01-27,2.42,2.44,2.07,2.21,2587601
3001,2017-01-30,2.18,2.23,2.07,2.12,1871270
3002,2017-01-31,2.1,2.19,2.06,2.14,1681297
3003,2017-02-01,2.19,2.19,2.06,2.08,1457460
3004,2017-02-02,2.06,2.12,1.8,1.8329,3132075
3005,2017-02-03,1.84,2.1,1.84,1.94,2299852
3006,2017-02-06,2.06,2.08,1.9,1.95,989675
3007,2017-02-07,1.95,1.96,1.85,1.86,1010391
3008,2017-02-08,1.86,2.19,1.8,2.12,5934952
3009,2017-02-09,2.11,2.23,2.01,2.03,2659115
3010,2017-02-10,2.02,2.15,2.02,2.1,1273510
3011,2017-02-13,2.14,2.36,2.09,2.36,4280502
3012,2017-02-14,2.45,2.64,2.3,2.44,6783911
3013,2017-02-15,2.39,2.4,2.25,2.35,1900877
3014,2017-02-16,2.21,2.4,2.02,2.2,3078116
3015,2017-02-17,2.16,2.2,2.1,2.15,705659
3016,2017-02-21,2.16,2.17,1.97,1.97,2537888
3017,2017-02-22,1.99,2.04,1.85,1.91,1519417
3018,2017-02-23,2.08,2.085,1.85,2.03,3553226
3019,2017-02-24,2.0,2.0,1.85,1.94,1969523
3020,2017-02-27,1.92,2.1,1.9,2.09,2560371
3021,2017-02-28,2.1,2.1,1.98,2.0,1166480
3022,2017-03-01,2.05,2.08,1.92,2.0,993915
3023,2017-03-02,2.02,2.05,1.88,1.97,1235588
3024,2017-03-03,1.9,1.94,1.65,1.77,2409028
3025,2017-03-06,1.8,1.9,1.73,1.86,1397510
3026,2017-03-07,1.82,1.96,1.82,1.87,1115779
3027,2017-03-08,1.89,1.95,1.81,1.89,770060
3028,2017-03-09,1.9,1.95,1.84,1.88,694458
3029,2017-03-10,1.9,1.92,1.8,1.82,579206
3030,2017-03-13,1.81,1.83,1.75,1.76,722190
3031,2017-03-14,1.78,1.8,1.65,1.79,862651
3032,2017-03-15,1.8,1.86,1.73,1.78,1145821
3033,2017-03-16,1.81,1.88,1.7999,1.84,950769
3034,2017-03-17,1.88,1.88,1.8,1.88,566043
3035,2017-03-20,1.88,1.88,1.82,1.84,251022
3036,2017-03-21,1.9,1.94,1.85,1.88,800230
3037,2017-03-22,1.9,1.91,1.74,1.82,727445
3038,2017-03-23,1.92,1.92,1.77,1.83,234971
3039,2017-03-24,1.83,1.83,1.77,1.78,284110
3040,2017-03-27,1.78,1.82,1.75,1.81,388366
3041,2017-03-28,1.81,1.81,1.75,1.78,307569
3042,2017-03-29,1.78,1.81,1.75,1.8,378569
3043,2017-03-30,1.81,1.87,1.76,1.78,518023
3044,2017-03-31,1.81,1.97,1.7747,1.88,1984390
3045,2017-04-03,1.88,1.92,1.808,1.85,564937
3046,2017-04-04,1.85,1.8501,1.78,1.83,440900
3047,2017-04-05,1.82,1.87,1.77,1.78,440182
3048,2017-04-06,1.88,2.04,1.8208,1.88,2176747
3049,2017-04-07,1.89,1.9095,1.85,1.9,459495
3050,2017-04-10,1.92,2.11,1.9,2.07,2972806
3051,2017-04-11,2.11,2.18,2.01,2.09,1839169
3052,2017-04-12,2.09,2.09,1.85,1.87,1430186
3053,2017-04-13,1.9,2.04,1.85,1.96,957883
3054,2017-04-17,2.02,2.02,1.86,1.9,696386
3055,2017-04-18,1.91,1.94,1.87,1.94,323088
3056,2017-04-19,1.92,1.94,1.8,1.83,825634
3057,2017-04-20,1.86,1.88,1.81,1.85,185694
3058,2017-04-21,1.85,1.88,1.81,1.86,357023
3059,2017-04-24,1.86,1.88,1.785,1.82,510782
3060,2017-04-25,1.8,1.8228,1.78,1.79,272901
3061,2017-04-26,1.83,1.83,1.77,1.78,376356
3062,2017-04-27,1.78,1.82,1.72,1.7699,756664
3063,2017-04-28,1.77,1.775,1.66,1.69,815965
3064,2017-05-01,1.66,1.69,1.61,1.63,544693
3065,2017-05-02,1.67,1.67,1.61,1.64,364550
3066,2017-05-03,1.63,1.64,1.57,1.57,570964
3067,2017-05-04,1.55,1.55,1.41,1.45,1014973
3068,2017-05-05,1.45,1.57,1.42,1.5,400888
3069,2017-05-08,1.48,1.73,1.48,1.69,504738
3070,2017-05-09,1.73,1.73,1.61,1.63,363952
3071,2017-05-10,1.64,1.65,1.52,1.58,405578
3072,2017-05-11,1.64,1.64,1.55,1.55,399140
3073,2017-05-12,1.75,1.77,1.63,1.68,1102084
3074,2017-05-15,1.73,1.73,1.58,1.62,482357
3075,2017-05-16,1.62,1.6278,1.54,1.56,280670
3076,2017-05-17,1.54,1.5799,1.5,1.5699,376469
3077,2017-05-18,1.58,1.59,1.52,1.54,172867
3078,2017-05-19,1.52,1.54,1.4814,1.52,455728
3079,2017-05-22,1.53,1.555,1.5,1.5,386848
3080,2017-05-23,1.51,1.53,1.486,1.5,274549
3081,2017-05-24,1.49,1.52,1.47,1.49,301827
3082,2017-05-25,1.49,1.52,1.48,1.5,142156
3083,2017-05-26,1.5,1.5,1.45,1.48,336537
3084,2017-05-30,1.47,1.5,1.44,1.5,309274
3085,2017-05-31,1.49,1.56,1.45,1.56,214142
3086,2017-06-01,1.55,1.63,1.51,1.59,593958
3087,2017-06-02,1.6,1.62,1.47,1.52,335679
3088,2017-06-05,1.51,1.52,1.45,1.48,199831
3089,2017-06-06,1.48,1.5416,1.43,1.46,653724
3090,2017-06-07,1.48,1.52,1.47,1.52,327374
3091,2017-06-08,1.5,1.5699,1.49,1.55,527722
3092,2017-06-09,1.56,1.56,1.45,1.46,404993
3093,2017-06-12,1.46,1.5,1.45,1.47,219490
3094,2017-06-13,1.49,1.53,1.47,1.49,298874
3095,2017-06-14,1.51,1.53,1.45,1.47,194351
3096,2017-06-15,1.47,1.5,1.47,1.49,114485
3097,2017-06-16,1.48,1.49,1.4,1.4,509824
3098,2017-06-19,1.4,1.4,1.3,1.31,584329
3099,2017-06-20,1.33,1.3399,1.3,1.31,241146
3100,2017-06-21,1.32,1.45,1.32,1.44,531556
3101,2017-06-22,1.44,1.48,1.41,1.42,221307
3102,2017-06-23,1.42,1.52,1.39,1.52,496642
3103,2017-06-26,1.51,1.52,1.41,1.47,404612
3104,2017-06-27,1.47,1.47,1.4,1.42,391724
3105,2017-06-28,1.43,1.4789,1.4,1.44,172060
3106,2017-06-29,1.44,1.56,1.44,1.5,775001
3107,2017-06-30,1.49,1.53,1.47,1.49,374954
3108,2017-07-03,1.49,1.5,1.45,1.47,170359
3109,2017-07-05,1.48,1.4999,1.41,1.45,337499
3110,2017-07-06,1.45,1.457,1.41,1.41,175557
3111,2017-07-07,1.41,1.44,1.41,1.43,136718
3112,2017-07-10,1.43,1.5101,1.41,1.5,535629
3113,2017-07-11,1.49,1.64,1.45,1.54,1061962
3114,2017-07-12,1.58,1.58,1.5,1.5,294829
3115,2017-07-13,1.57,1.57,1.46,1.52,335597
3116,2017-07-14,1.54,1.55,1.4799,1.51,242409
3117,2017-07-17,1.51,1.6232,1.47,1.62,1016345
3118,2017-07-18,1.65,1.69,1.55,1.58,685910
3119,2017-07-19,1.59,1.68,1.56,1.62,587115
3120,2017-07-20,1.64,1.65,1.585,1.6,162491
3121,2017-07-21,1.6,1.65,1.55,1.58,271161
3122,2017-07-24,1.62,1.62,1.51,1.53,238489
3123,2017-07-25,1.54,1.56,1.52,1.53,220872
3124,2017-07-26,1.55,1.567,1.5,1.52,165002
3125,2017-07-27,1.53,1.54,1.43,1.45,611930
3126,2017-07-28,1.45,1.5,1.44,1.48,203502
3127,2017-07-31,1.5,1.5,1.45,1.47,92514
3128,2017-08-01,1.5,1.5,1.43,1.46,152606
3129,2017-08-02,1.44,1.48,1.39,1.43,543228
3130,2017-08-03,1.43,1.43,1.36,1.39,429401
3131,2017-08-04,1.4182,1.4182,1.34,1.36,254539
3132,2017-08-07,1.46,1.48,1.37,1.39,640521
3133,2017-08-08,1.4,1.429,1.37,1.38,207799
3134,2017-08-09,1.38,1.4,1.37,1.38,168244
3135,2017-08-10,1.38,1.39,1.33,1.39,252780
3136,2017-08-11,1.37,1.4,1.34,1.4,347404
3137,2017-08-14,1.41,1.42,1.37,1.4,164879
3138,2017-08-15,1.39,1.399,1.34,1.345,249059
3139,2017-08-16,1.35,1.374,1.32,1.34,269683
3140,2017-08-17,1.33,1.36,1.3,1.32,378191
3141,2017-08-18,1.33,1.34,1.3,1.32,313514
3142,2017-08-21,1.7,1.7,1.31,1.46,54900
3143,2017-08-22,1.45,1.45,1.29,1.32,286000
3144,2017-08-23,1.25,1.35,1.25,1.31,206800
3145,2017-08-24,1.31,1.38,1.31,1.35,275291
3146,2017-08-25,1.38,1.38,1.3,1.36,146849
3147,2017-08-28,1.36,1.38,1.3,1.33,246084
3148,2017-08-29,1.33,1.41,1.33,1.38,284332
3149,2017-08-30,1.38,1.4,1.34,1.36,113334
3150,2017-08-31,1.34,1.41,1.34,1.36,187028
3151,2017-09-01,1.36,1.44,1.34,1.4215,267116
3152,2017-09-05,1.42,1.44,1.39,1.43,129489
3153,2017-09-06,1.44,1.44,1.4,1.4,58840
3154,2017-09-07,1.41,1.44,1.4,1.43,154255
3155,2017-09-08,1.44,1.5,1.41,1.43,250137
3156,2017-09-11,1.42,1.47,1.42,1.45,129444
3157,2017-09-12,1.46,1.52,1.45,1.52,541007
3158,2017-09-13,1.52,1.57,1.49,1.55,468702
3159,2017-09-14,1.55,1.5657,1.52,1.55,125933
3160,2017-09-15,1.53,1.53,1.37,1.37,374088
3161,2017-09-18,1.42,1.5,1.399,1.4,339505
3162,2017-09-19,1.42,1.44,1.41,1.41,190019
3163,2017-09-20,1.42,1.44,1.36,1.37,348648
3164,2017-09-21,1.38,1.42,1.34,1.4,270180
3165,2017-09-22,1.41,1.42,1.36,1.41,214452
3166,2017-09-25,1.39,1.45,1.37,1.38,180265
3167,2017-09-26,1.38,1.41,1.36,1.39,100805
3168,2017-09-27,1.39,1.4,1.36,1.38,69320
3169,2017-09-28,1.36,1.42,1.35,1.42,386341
3170,2017-09-29,1.39,1.44,1.37,1.44,176334
3171,2017-10-02,1.4,1.42,1.34,1.36,365845
3172,2017-10-03,1.37,1.38,1.36,1.365,205888
3173,2017-10-04,1.35,1.38,1.33,1.35,220831
3174,2017-10-05,1.35,1.38,1.34,1.35,266733
3175,2017-10-06,1.33,1.3701,1.32,1.33,411916
3176,2017-10-09,1.31,1.34,1.26,1.2707,518023
3177,2017-10-10,1.26,1.32,1.26,1.28,305169
3178,2017-10-11,1.27,1.299,1.151,1.23,541566
3179,2017-10-12,1.21,1.26,1.21,1.2507,206491
3180,2017-10-13,1.2301,1.26,1.2,1.25,347985
3181,2017-10-16,1.2,1.237,1.12,1.14,614570
3182,2017-10-17,1.12,1.1786,1.12,1.14,150003
3183,2017-10-18,1.13,1.18,1.09,1.125,550445
3184,2017-10-19,1.14,1.1411,1.07,1.1,507355
3185,2017-10-20,1.08,1.13,1.07,1.1,249253
3186,2017-10-23,1.1,1.1,1.05,1.05,345563
3187,2017-10-24,1.05,1.06,0.99,1.0299,526543
3188,2017-10-25,1.01,1.01,0.9582,0.99,372356
3189,2017-10-26,1.0,1.01,0.8,0.8901,655816
3190,2017-10-27,0.9,0.95,0.8,0.8539,966548
3191,2017-10-30,0.831,0.85301,0.81,0.8125,234530
3192,2017-10-31,0.81,0.9,0.8,0.8411,490759
3193,2017-11-01,0.88,0.88,0.8038,0.8293,214385
3194,2017-11-02,0.821,0.8298,0.78,0.796,539683
3195,2017-11-03,0.7825,0.8,0.77,0.7953,315712
3196,2017-11-06,0.79,0.79,0.76,0.7796,416312
3197,2017-11-07,0.78,0.79,0.77,0.785,218168
3198,2017-11-08,0.8,0.888,0.7901,0.8316,1105428
3199,2017-11-09,0.92,0.9472,0.8505,0.905,1265671
3200,2017-11-10,0.93,0.9449,0.875,0.91,529998
